41
2 1
12 3720
12 1095
5 17
6 5
1 1
12 3918
2 1
17 7692
12 3604
47596 2620921
92595 11761529
37331 14043750
1779 13887322
90495 12500961
24161 6887828
63720 5190072
227 14495032
32603 16651552
62255 12796368
84247 6175655
10861 556730
92734 3504194
15807 17308610
63207 4409231
57215 12510803
46503 7149809
88683 19200185
9911 19806814
3858 10100405
24126 10328018
88232 12287845
18089 4404811
99228 15467043
72714 2361482
63411 19156960
53488 5190623
13689 19562573
11168 2245847
71182 2090726
55077 14144748
