848674091
421638144
775225215
486397988
799934977
456417656
350350793
588423867
635279886
687948224
973949272
844067808
618621872
825571027
894447804
41899234
94641284
612947798
849009796
893170325
875817391
95182153
70965580
39066769
551117429
981051686
949805935
737942971
984467268
858910086
947564317
299749377
128334273
629507689
131804509
291828507
255881950
397201692
31394399
603741562
874012218
138134606
535090936
80340361
708367316
401977128
203953679
657315839
618939769
266112968
926367410
851380483
187646401
68248226
978971382
965918003
127741338
108555744
325567554
147995365
66510729
946894981
299795660
312012553
359346788
422410616
324757465
213462486
563176780
51978034
758727738
192735343
941529922
158693971
295939738
30627646
241179736
523513874
214588773
748801551
208726660
574648645
686992831
669093649
757362674
250432348
323651124
475368414
643601858
205393422
506755181
390009457
585596381
842523481
983379818
555974284
428787455
371101108
240469255
508402427
342112049
51994291
439473732
3681352
927419424
573263341
485918047
170805483
609896144
253985372
359721836
495524689
191041263
222799119
724899823
445414399
808449384
90920934
4554336
792671697
425111676
479433820
371649692
393967519
700018737
439730130
433571357
733733928
681633735
117805372
469623026
351236365
563692412
317430423
468922237
550368900
935536161
848836775
764094398
453572882
324034455
315962840
116571532
953432575
23429620
649194026
903581012
344149970
111458899
59045564
401216432
53931200
644967202
113550313
325168233
972810145
710413669
180552440
246631879
448096755
871020365
71152348
928238164
409034384
307414786
217196503
335358366
142041925
179170492
843117166
551806325
907211167
469813753
103386220
471487349
665549269
599356729
973579964
252969486
957368317
423241393
262334867
328622573
701414280
212070316
98617919
997118066
379220471
291447152
278355583
611871277
89244651
665012080
158800025
795931952
685205381
572775422
883118579
406623247
980301554
36769634
681497572
175258679
938455453
17498703
738309292
677982321
152047465
362669877
719590379
537451779
936007193
842157451
399612579
219293759
900700392
468033092
944174459
612229821
983994732
548386010
943960887
396102019
109578622
223587392
375328070
130322572
759472255
663186920
157196048
541942931
770558949
204880406
770956675
366828576
55809946
91446339
57779746
94122551
588414114
213390705
790470921
905984533
714482811
201597677
238460950
28784227
836116544
725521489
734471792
508734431
814342680
947147303
877128595
483372288
109645652
800220266
168714823
180665472
101307327
177492498
61852760
57466469
867995680
940245336
972208129
410261283
244667620
969308841
296523663
424767199
605115445
808086601
584002908
678048916
706830102
8170685
254911688
906557190
433338038
85351344
507447201
714783456
492188507
951737710
119181026
160127493
45475609
175353224
671567188
508041991
729011829
958874651
928488382
252946126
407136759
982383089
372706041
42192662
342728648
600399086
873609900
76443839
613206967
720427023
554708445
236637211
763688862
318356790
270135767
644196163
551280410
102109212
289946994
984645466
783416447
802358108
466117074
488600129
685649959
676785775
533353896
14455082
907842290
944099985
902521201
834771623
251974375
786167827
194943026
343417410
984563101
818682262
730408712
113568804
367648151
945910415
387416264
918293071
315260326
986882250
543633299
468541212
64521908
40056965
461498855
960761555
296251877
789855306
114475272
188267126
948982256
739577452
129455486
101891740
287642651
67248473
983836643
720417062
567813680
61840490
951123816
726876404
269316334
346751127
453535887
885959196
440959861
317692158
424065926
129926497
503974243
835371704
17862150
367643169
212563534
353686405
405083963
348204965
868585851
517455230
62789140
445123886
834714616
922072508
418075146
500086363
556092513
515854911
177050825
319928199
159108616
208113051
751709703
421248402
438863992
35175755
978341763
607929790
808905189
798957280
557994005
255104173
704048063
598759203
394878472
309018571
497842843
805407582
976316681
625840886
707288631
184612367
262265101
239978554
370238446
267492473
278630350
769761954
281212693
543995521
746357975
731562239
359853057
904069039
933638343
331082791
879597305
308048540
590771384
528848771
934833867
621611900
180443748
258988361
223864820
14120179
447994934
279987169
168337616
577104410
990951721
235749204
706307603
221124728
296397185
945979694
564665324
983310565
80777146
83822421
549025935
854376168
425554442
63466078
311048171
505660798
527229163
187530848
856680734
756638355
992932589
356778904
228120655
942381085
449274694
480086098
927660330
744150406
918549830
697911721
719054065
751900579
163040200
310394169
983502713
786067655
838264827
183371884
534283908
270900843
426857695
237756589
960962813
616941108
9673237
392097566
586241235
629032342
977058540
69888690
479993334
91459157
325432405
126609600
90025763
461283833
386924676
844738408
942865341
786284256
74417375
191527784
596034395
946228877
108277915
906155650
900994798
799001063
317704742
267071924
786909973
152189645
173566407
596855416
613457833
269353753
101661570
143775003
306224350
39046306
612197194
190093602
516680942
410842208
822311660
542417093
694766181
799174081
150675136
423958441
615461581
658122636
924863695
783750219
835592501
447647386
249818779
277356693
118210371
309810271
422951946
440790886
680336975
57329554
876351498
41659175
971891933
871866751
467275668
177870159
296619129
295069678
912614603
776280555
5153798
498374674
409645366
534481873
45098406
858741801
130434218
199803557
752986706
253837084
265421504
165312790
609903376
820463256
102034910
227498199
917593910
582033129
344909125
237456303
320556331
104617935
428471188
409283305
654284024
313513692
160629821
490487191
576188292
771130948
735226418
935705265
677693790
132400074
847195590
445952612
769707271
491143509
550780404
210229445
884903730
755365001
754024674
565777326
969534330
719394673
46221140
406497604
226367547
774242939
40401033
208764416
845040972
365279763
607477966
483001870
683718199
600783621
214333763
144984113
849319164
216194630
934182103
379917756
54587130
384028134
521332368
439647495
559465657
585141093
700523231
906754220
931182337
599369303
274968637
546577963
436912203
847036806
569860979
306953173
232477961
431596824
610132674
912226582
561328258
421989115
312029411
635070066
978441468
110425244
288010878
579937310
195741864
903431557
730089190
106574005
957907149
967071320
930083496
96307580
50178759
740283371
545050845
861929770
589108281
630787284
389475981
857519348
786961415
665434725
676232144
863836463
954999055
953368983
649772689
334483789
119121375
895335385
956401876
198931672
938612559
712821475
806777633
428777649
11704333
255219532
928479438
504481954
620190659
309037376
731691979
485100708
247828925
8589362
256966376
899372569
647132135
268402889
341959241
668083937
201699741
920553108
695860906
460815362
566602241
376127787
545402281
355314550
283509822
867833119
939256710
402416259
800603496
601878620
98559506
597659744
82417360
947295651
950059268
601806859
622726148
676637697
524862651
669592991
133717836
309682491
959698765
769984896
457688685
91288558
242673294
114986143
911658906
504992583
483600699
877223383
839551388
584023809
855721736
356226792
197865717
960971850
596122746
805356294
700896762
779331030
795735327
855139729
143628197
184544346
340509574
816735056
672602573
192226178
344575271
468145397
675839665
420696043
115876097
365756875
995076645
39668193
134662593
449807152
862363877
297814226
120093144
399129808
277277559
669573848
500464500
281288747
895052089
928231678
151577108
400559748
242127727
294769350
842996508
906970351
375544169
308724892
774601290
461266722
580172384
328981967
511425611
671122936
34057235
138146969
999406851
811581442
789595255
981985699
898700661
977091368
369966928
395761339
775469472
55081569
320529713
170489513
913054881
489446775
861953786
454255300
865341341
995608325
576415097
598040505
797429168
453381413
326900105
946342452
510952661
690959055
525195629
9359573
480809036
697199346
614112627
583210437
983186452
934340350
521137989
964999903
523880011
126158831
296356489
784883036
604991234
891035848
731667339
974137147
786827682
803805617
356474022
860822521
873540577
440035560
608334093
128106237
375530501
506050907
354237218
738407152
756831529
288823940
834493129
492855027
749050203
822636761
289628990
218531173
734014874
700535009
3803015
660562831
398707796
722563085
189551539
822034618
977405832
93140248
235681289
536890961
179902199
616249298
971522831
604117816
591523799
446982097
207639533
541671462
108280722
314225985
828682926
662493997
818145878
808429938
641044525
177545377
464408276
816348330
716068612
32791795
576276765
781644066
279538156
209845361
407100327
973577219
641025510
60488306
993475637
990679564
743960197
16300131
325056871
804943018
707142103
324296718
703091293
66762896
990433685
364965727
217579835
734225210
314222716
644343950
912751181
381393760
273229299
782842377
626469403
892700396
758496525
374166238
231229037
780577749
28288200
813797378
259492068
145211797
444975807
947943392
518852777
340198788
653773238
783098091
98816152
400563672
827821175
971537989
170814465
479523956
339121473
537120579
98476706
205156112
515983711
77841470
968185653
441519743
879865590
393824476
634055463
721290624
354613853
92019464
194618831
402017828
234307431
744631757
88724505
769968123
660775862
424764675
221805379
863088437
984657283
219336311
797846130
623927685
828513260
560048474
676710717
866365953
133930196
570194173
898611674
391525548
891131887
867400310
209218249
964268892
826107930
308893847
344355051
852740654
800518250
244099789
912560420
120132764
449992093
620504659
147666420
560710061
191882666
616425223
26602648
663999696
655248139
180449359
343952466
285848659
144522723
275733317
83561135
382441227
211040070
580611999
474007740
264281311
730296354
