1000
355250310 779062081 533821458 1679770879 1 5
482004969 469880024 1043439160 274989977 4 3
521046754 1255909582 1862879356 112537582 3 5
309545360 943835306 1410525649 1636527279 2 4
1620077608 141551731 611440562 318991962 9 0
351823792 111618016 168461790 885645249 0 3
127067094 125910217 443411881 1170506254 3 6
774442985 921946949 142195125 489838692 3 5
1276048339 1344029891 1859322955 539090339 6 1
2095789976 305667482 2002328581 559746889 3 4
2096630245 976483237 1870314304 117608387 9 0
91140242 1989195581 1640129769 534552122 2 3
1568321312 1786661172 815493266 1710516437 0 6
478520437 1405064556 1046524041 190359743 1 5
2051136592 1892461223 37781398 1905981525 0 2
1517194163 253871062 1638924080 1240024818 0 7
606760721 462619691 1195280851 99406842 1 5
2140436805 418009478 1846676563 808446422 10 0
1975692779 510940571 459562705 1233273687 10 0
649922448 1029944934 1289578526 553575392 10 0
1327359922 312073269 1079646975 1989800764 4 0
1481241195 921808603 1704997486 687326465 8 1
1882607315 1627976167 1017305344 1942622705 3 3
1641815619 281892099 1416357090 1470024750 3 6
555814789 202813633 378358594 1585759723 4 0
213198585 672268433 1244007256 1292845560 5 0
478879948 1995826745 1847599645 36393786 10 0
1228685321 56527315 270793230 709177840 8 0
182623516 361663831 1707747906 464515615 5 2
1257348285 1506457066 1586103797 1460161918 1 7
805070429 669265997 1237578458 1477338862 1 8
1991924411 691580645 861820319 1840267508 6 0
228453422 1620381962 954741420 499246652 7 0
565178938 364699671 242754261 125443196 9 0
1155732203 2086563572 1379748600 594352352 9 0
1618732224 56828623 1786346609 708827033 4 5
1091767403 1378608249 96233211 1953587721 7 0
704318177 1299845532 2108311815 1659059596 10 0
142904321 1540150025 216787475 507603992 8 0
1336819278 1656195818 1497962875 1275899202 9 0
527657397 2005541380 1563563803 584486020 7 0
2118653506 1049056905 1216674591 1349778107 2 7
273686568 1633219967 1727096841 1573532100 8 0
1225140636 1736952455 631339166 1441928111 10 0
266759803 1784158781 1433892078 1922955621 8 0
663932743 1079469585 1089965030 521990475 3 5
18911167 620456927 1645620908 1067968072 1 4
65774539 712426533 1121601936 1698994507 10 0
547650387 1145558993 1530712515 1772791024 1 1
1067235487 832100599 281327835 703910620 0 8
1838548628 680816660 720732552 770534565 6 2
1266084305 1297749091 1261634194 1886541232 6 1
1576189101 1643801717 247893157 141131986 9 0
433171712 1165570391 944963009 1963884226 9 0
1978452257 1858113254 364607760 112296444 2 4
169096252 105605207 1163933449 889828803 2 2
2132551829 2142224077 2084980582 1246702374 6 3
1428820991 1309987115 229701353 1676714147 3 1
1476118163 1884290813 2013191749 273597523 3 0
1953588332 1531660001 367215475 170712443 10 0
781755701 653829231 1813052698 887360908 8 0
1763500680 457510522 540466034 1758241110 7 1
1492039123 1128390738 1068505751 654542590 4 1
2105661692 58229799 2073854413 1842468857 8 0
1395676601 580523767 6072973 779852954 9 0
276325751 1729494942 830614648 2089378448 2 7
497292652 85389234 958404202 1037758685 6 0
677443444 1188185820 334318747 1745949194 6 1
196201795 1800906454 1750640638 122572560 3 1
322540848 744084617 107618656 328613820 2 0
505399235 1800263322 637369191 1336013882 1 7
1836907561 91967126 1192130628 647828114 5 3
2001239770 1807169255 2076463144 188074869 10 0
1771707906 1880485706 1601836597 1425130712 7 0
773538728 1010737584 2046950005 1517623345 0 6
894077268 26230488 733479413 546856942 5 4
141531416 1770341071 1758917209 233498542 8 0
1363224353 1703265373 113017798 1022909960 2 2
281061113 1256469127 34094725 1882897710 4 4
1459823218 1307654920 380991357 1359289575 5 0
1587369751 1571871886 1525578084 173365515 7 0
95375162 112776597 1812035186 1854292370 1 3
2113554044 1709499493 35321313 79088193 2 5
380180859 865986919 776551661 414275584 5 2
1932013004 2061224199 470839125 165520712 5 1
1664868307 712916230 573021980 1042962743 8 0
1084656857 981656907 657043758 749208394 5 1
1228747981 654536026 565334742 1264069293 9 0
784151827 1113805079 2016247467 1560703487 10 0
470164799 723887691 1312610020 383905350 7 2
1656935477 195876909 995515391 222368059 10 0
2038478133 1108649804 1313166049 975651342 10 0
1970209805 1724859736 631288694 826045054 3 4
1391379795 2070193363 2019448940 394156694 2 2
262920512 120081381 366367386 733085311 2 4
1116990662 2038695888 1009624488 626442491 4 3
848810550 855988038 1896134364 1957460354 9 0
1900283418 1991880244 301678147 384088464 10 0
1107802215 1669913183 2061821446 1030511930 4 4
1737373472 380165196 571415005 1857454854 3 0
553940279 278026337 274007331 445152519 9 0
532241669 1145307054 1749260372 1388229707 1 1
1409900145 1618259826 1312036849 1254296741 7 0
1924738391 880256540 1218554848 1839076189 6 2
87033 1500658295 993114871 571502037 4 0
1876002353 1764569780 2017673790 2526035 2 6
902975856 594480320 155664373 504752579 1 3
2063989657 1245126525 520398320 1228542857 8 0
777184521 129194362 1173109185 1995739368 5 1
461205394 1968357584 289568654 1454320265 0 4
1046484069 120894679 1117284287 916674210 10 0
1179522938 2074515176 1026396572 1774003258 1 3
1609229638 1132318041 1447655160 706872515 10 0
528714368 1058812133 1945569006 1305898889 5 1
1154154610 1008793398 1907588548 1615360004 1 6
922196621 1222043308 1549871708 1968680690 6 2
737871253 1466358701 1699195285 664902781 5 4
747598682 1876420775 787460885 1879916723 1 3
1385149436 1705306655 405661886 1183234793 4 4
6945686 2017876506 454978132 1914534234 1 0
1964207787 260465836 359205126 1366595846 1 4
1886268192 819534132 1021018167 1437979828 3 5
616211075 84551947 1095226918 1403671959 0 6
750521711 1202134459 1829642212 1156183596 1 3
602368328 244831291 416273319 1057346459 7 0
194508277 1976089664 15008370 553713402 9 0
108372867 933986407 916205381 1129391033 0 6
348197175 840693663 337710594 1443424093 2 0
1567759649 847403685 1356830077 1249918212 3 6
1795798671 458471962 1839546973 64588341 7 0
1966614522 1710326698 1680034867 1981622892 2 1
2078294140 224929320 1661739490 847015873 1 7
1100174519 1702517528 579432093 1437885112 7 0
1592580729 418733974 1523717753 801927157 3 5
249159190 1316967210 1838293348 2088706162 2 1
1792651364 1200686426 769471172 1325202583 10 0
886027624 2052955664 965636163 1110956944 2 3
317793649 1305949934 765342907 2020311178 0 1
871285503 414212445 1648325101 1290019478 5 4
811188016 1170267934 551927800 2128155226 10 0
493150313 1362227130 2067705756 138318030 3 1
1463520613 1450255578 1575720904 1368992629 7 2
788720487 2081060128 856987850 2094670421 0 9
1832568800 754663757 1601100883 99297597 3 0
2037227794 558273818 1554824730 1060012080 8 1
1921089714 1603351931 750239790 1841311821 9 0
383521452 1057706926 468441628 1959242355 3 5
350952906 1067936394 670426201 1207940755 4 2
1937756134 700208320 2124009345 1391373369 1 6
2135010081 689250063 790304725 1542351162 2 5
930363822 1522868210 1356374625 1680603611 1 8
698789661 1600217835 2008267864 1167231288 9 0
1904081008 1762929449 1207936518 427023560 3 5
1796369147 613659043 775784358 1772894843 9 0
2004925748 1992558845 117056690 647746824 1 2
400769518 170306534 1241703396 1757144142 7 0
560221432 402216158 1911133967 421005647 7 0
561005770 1326044807 791072662 1768942288 7 2
1844518325 1401953867 80634614 472819035 9 0
2048109309 884807162 1930742223 17682351 8 0
1884001184 1933323505 1340991469 978220931 7 0
1289137061 2103205431 1446634125 1052787379 3 4
80930592 937733201 47159084 872003253 10 0
1800227451 338978823 256226520 1054697670 0 4
2082062732 357796813 629671216 819386246 1 0
204456585 1311740322 383871103 2137780090 4 5
1533280442 1549666109 503745448 1489002225 1 7
1865729656 1717414509 1637463419 655979210 1 0
1215171051 1417317395 700961848 1471397570 1 8
52959476 259110501 1478372098 682630692 9 0
1329984258 1282953333 783684161 1713855361 6 3
928463746 659046569 691114765 1432209193 0 9
841258372 1866294803 1109862211 331238142 4 2
693221166 1589961417 2144269550 1394183014 3 0
367274650 966834816 580427820 1845646747 9 0
1317590585 831966118 794394253 2101274745 1 2
1242723400 1326801578 579206950 1933838164 9 0
1326285865 1452785495 298583252 288664428 1 7
1015616582 329761156 115851387 1012402484 3 6
1333719802 2091218820 1996561542 1914147622 7 0
1425588541 959488857 183025873 72499145 4 3
2140143172 8519706 1908165282 571866473 2 5
1151638569 1121160087 1824994253 1450221821 0 2
2123595438 277957450 1791295400 91963176 6 1
1121689901 476596088 1311491095 970767795 1 7
321827548 1668848603 1912878224 504853420 8 1
1086217124 1734007273 687194236 846898757 9 0
1219107514 1310028668 1603228545 896618119 5 2
210668713 588878631 1143526863 2001964112 8 0
1222236386 1802531708 762999237 386243832 5 4
1339633198 947643404 527624255 1105027773 9 0
1783702302 391230300 1855495629 323412889 1 6
805481346 309752924 1176430747 261226242 9 0
1126795654 1417039757 230592571 122838868 4 3
409242016 346272959 566482439 1172241253 6 1
31016904 2072149989 2139941698 558641158 9 0
680129513 665912768 1836185175 388141493 1 0
254543572 1794807003 1236583510 1430974318 3 1
1072688258 1035345252 1712510662 1303280828 6 3
67231558 1567426137 1182820195 633713996 7 0
1826012289 623200646 1840003328 1818470339 1 1
1115941565 1861971318 1388126563 804643091 0 2
1731473676 357172736 2024775576 820573537 1 1
1116044441 713351664 821186779 681071455 7 2
1517618690 2083864051 1399313389 552955236 6 3
320808574 248623040 467214130 13328254 10 0
1649055934 735542048 1035551297 1363543605 8 0
1466172769 206153534 1424184417 1823345505 1 1
1464008911 2016770635 1213318747 29876928 3 4
2046509421 522361016 1264525244 1982889824 2 0
405500575 1765687888 2138289055 654123615 3 6
573733347 1734474304 739675709 1609284643 6 3
1301995383 269223382 922014206 578696151 2 3
675970456 1409094150 874746656 1889289203 6 0
1636195756 1337996851 2087581438 753237352 5 4
423234184 1578903602 1479976435 414039590 2 3
418173251 659276917 1152385460 1157848959 10 0
2102919720 1873709630 1423073297 224659454 2 7
169744693 1653699855 530256257 1578838844 5 1
870326274 1946183283 1908257568 60839478 5 1
1234242505 1600569618 937245456 665662460 10 0
1351285046 751206030 350973560 1769458297 5 4
779823608 1531560859 1458795092 506049591 9 0
1154289779 661436307 1853199240 660505986 6 3
1041468849 1463754374 7397063 840168484 10 0
68236540 578965908 1738539566 1302479045 1 4
1968141505 965114282 1879586419 571863887 2 3
1982346834 671963212 133901029 1366424046 4 3
26090905 1666729202 1794240399 687527212 5 1
1879219775 509515581 1348731586 1195490501 5 1
272535147 585149183 620382330 2011074712 2 7
391892436 1708286086 1617548490 123995207 0 3
1625556274 2115013160 1458115896 1759457302 3 6
251924273 1360044463 960636106 2046164671 7 1
205943760 1779307803 695112833 1554675345 4 5
1596091767 1099849804 1797174659 68990448 5 3
721424656 1355333304 1098121677 191489497 1 4
977642180 957401138 1198317515 288274428 8 0
1729664979 821299066 1744831888 542817437 4 1
728414688 925923849 1276744072 1423527520 6 0
488069347 1929207314 1056424885 137760357 0 2
1675079595 572138770 1227715409 625717624 7 2
1856505626 1741270448 1516961411 907339492 7 2
1292126916 1611726208 760151621 889475155 10 0
1480131710 386911423 735474686 258571911 6 1
591687458 1620230574 499587905 373411124 2 5
224125239 401553914 164944209 796264009 10 0
790661832 1559892277 41345947 499683810 2 4
1407023302 1035740306 1497159912 551666570 9 0
1441141726 507042863 1589959594 1828053149 8 1
1344224995 1254036105 292735316 816971921 5 0
1346143731 243488622 890271680 1747697645 4 2
1229483319 1199094663 1098944319 1270829266 8 0
681652974 958318128 1140880055 31329237 3 5
141157121 803642777 422137 1731116714 0 5
1432164571 1828437273 349492143 1724899887 8 0
243562679 1844069277 199121127 1133834358 5 2
672886398 526282945 1806648622 1771830716 4 5
1876970464 331281538 168777928 870366871 10 0
1678762626 363746144 503767897 334921755 3 6
819134033 1607107965 1519565535 500087658 1 6
998013204 1912232612 1340544453 694598833 10 0
326895162 2138882107 571424049 999781561 10 0
230589021 624128629 167309969 1588532468 8 0
1757310395 1223982317 861202283 1288589374 0 8
1623511129 1951896741 1452371142 295161515 3 0
795249173 1220637519 1921434802 1793262378 4 4
340377563 949256573 1441390769 331776023 9 0
849457428 1751269642 917817312 1016767396 5 2
1515358903 802145210 347931427 229077537 4 1
1594047715 1566762065 1740072981 898935209 0 1
1723388237 509689106 77264263 1497339390 7 0
464351348 495845399 2011907320 1905742117 1 8
51947150 1677078850 988890288 969764461 2 5
93713570 2061721502 835870312 441644996 10 0
779121247 229821235 1737363107 198399665 4 1
2060323245 826520959 64719257 422528703 10 0
1562058647 577996539 1966435968 2026409995 5 3
1784668464 1901463361 1068480284 1836615615 1 0
658896428 1977421163 2091095672 752609999 6 3
1194254995 2034974408 1558603583 1424076231 9 0
1246486799 2113668534 1669842846 2073007758 5 3
829309332 1592962789 522884441 648261652 4 1
331637642 1109073953 1350706093 1400117925 6 0
1310004847 1457102349 464218524 1253616871 6 0
2033099206 1256483695 95884653 1444219140 9 0
1053738740 1779563077 1686923406 576097937 2 3
520985837 386912872 1163306690 1043870277 10 0
487712178 493113008 1366812168 1596786131 3 1
247508404 330616461 1929451293 1704610753 10 0
1035584515 1766839453 1003228878 921200073 8 0
217935565 1408915779 672368402 1271674305 0 8
1847772242 598598748 1929635706 221274432 6 2
1265144709 2020686145 1433170925 1758257718 9 0
1454593171 1859461109 1129981813 1785209632 8 1
432560969 529529620 306464723 1435789847 6 2
387419729 1668665258 443736354 1059788130 6 2
1271596288 493144510 2083330311 1053748345 6 3
1999207092 1979563652 794560782 1284894368 6 1
19884128 897447245 1746552907 1149865940 8 1
1836974857 967734199 1770027632 2143439579 9 0
1178260154 643460127 594455288 1621996507 7 2
959244421 827360897 1880455714 895091084 1 0
1816449367 1732832686 279471013 463526500 0 4
350618298 890127535 619772332 2097171204 4 4
1190185568 1729484685 2122679760 812729551 10 0
231236509 1886003228 756217124 874696636 5 2
430461245 1720286070 1189974405 1257822142 10 0
2085065488 991447737 1900649144 1754031207 5 2
70074060 1447040182 1902445242 420692358 4 0
370379914 82193898 1529679486 1560565482 0 6
225811386 1389635552 1736112107 2111814614 10 0
463325094 297305833 229099011 893786340 8 0
4124834 1323366390 1356655255 995572571 1 7
1572369347 1109168393 1033276874 871925881 6 3
1061609951 1238863911 1824349147 1143803849 1 1
807998785 2125935345 1463242367 50150689 7 1
48519717 30405249 1724879166 277618727 2 4
1696692141 928316424 770870164 905863747 6 1
1869066560 1348774694 809086795 754859786 4 3
61345369 1134826879 764597046 1885694515 10 0
1385656793 975641848 939145867 1364108490 6 3
931188645 1718973899 1037816273 961593895 1 3
1885785484 743873189 864643493 666618260 1 5
443023608 1214661753 1492090153 1791798302 7 0
1865015230 1549481681 160811660 852358462 1 0
983505543 1552251871 874664376 1922651409 1 2
764464316 1700065359 737555193 1802280589 10 0
2033924609 970231940 252477444 630314150 6 3
2145057502 1457899024 1362119312 1212235607 0 6
1088500506 901971818 723965549 490498539 9 0
657093617 961806005 412345906 61861841 8 0
830738555 855051673 951977984 383320266 4 0
897495873 1479047827 1577006865 1149973316 8 1
2069069019 2106935831 574814027 1283704683 9 0
142655001 112704648 131807726 866620549 5 3
295460912 1260296805 8913561 707806817 6 0
895320484 5413553 552951966 1847298467 2 7
306589743 1286229693 1477123011 1883596607 7 0
1000511609 210304732 1398453523 1575325635 8 0
805161541 1636664416 535362314 936969266 4 5
2131560469 651262230 251378659 2140474029 6 1
1838374321 106905883 1578950859 243842639 10 0
1967684678 241917822 113310446 1106430723 4 1
1395150084 1010558524 849935015 1605454817 0 1
951980584 684186063 1082938543 441161353 2 1
796962671 210630229 2003984631 1448224901 0 2
659810300 2035546193 1687865686 766716184 9 0
573436886 1287214434 26142500 686747332 0 2
536170737 1641311594 608258209 1386105751 7 0
1663882752 2051263347 1553972672 599337646 5 4
471761807 1141903723 836667630 328262790 4 1
177754154 1102455277 1186739063 1865619839 3 5
1649844516 295124699 1793483252 1675987015 8 1
1273686699 1518042768 1533472708 1881944907 6 2
604247867 273063975 389051522 10736890 4 4
636774289 1344163429 1875896298 1473441918 2 2
624634787 1850180373 1273512904 1811373849 2 4
170159019 1070677433 1290325416 1963642270 9 0
1855803383 1872867499 1642756568 1241792442 2 7
1727064264 64092977 525001767 2116115786 2 4
702624712 711604157 594083171 431037361 1 3
602094987 662197215 1969206116 1875607890 6 0
723324958 496246435 313232818 2013650374 9 0
2138364173 20724793 637797469 1633637092 2 2
1885574883 842097852 161735557 263093002 4 3
1660496390 1513354702 948169581 107095912 10 0
985732008 226121654 399003404 1647929223 6 2
1974016639 1437883153 850452605 322779427 10 0
716619330 635184485 516045940 707499855 2 7
193653300 1918426514 1251485986 2079228183 5 1
194837537 1423770709 1649786966 1855333928 10 0
450472897 1962429840 586550181 1436204905 6 3
936650480 88911967 1112681230 763183472 4 2
1085962899 1130427442 532269517 1721147384 3 2
229573014 652833140 1433422673 515881 6 3
613556600 1170057019 1560004746 2037327309 10 0
1267855025 679485425 1122833235 1082801217 10 0
411554491 1123869064 104105542 1348204972 0 0
2111388444 592092504 1032436957 1049867695 4 1
623531431 1221509680 656992198 853104445 9 0
853620326 1631178298 1308098429 1467176926 0 5
1357020588 1326112006 1988474551 2036506013 3 6
1155057971 713016084 2047661185 1259163512 4 3
328466634 2025125852 1705051072 1360903591 8 0
778126416 1551041330 354113403 1435118613 7 0
1378049834 1110282454 1712150874 538664614 10 0
218418895 1259284140 1786996321 1544530901 9 0
1845992494 2024067162 683593010 411524930 2 1
325262338 889719618 123739508 202904542 3 1
1130414441 1727374411 115285867 533972123 9 0
790634250 14976740 780970666 1900916704 2 0
183408789 1945546508 431435773 1970405109 3 4
1498940147 1041102607 1408294330 35049508 9 0
1977806029 1777889875 2074774998 2101545537 8 1
1438704987 963725210 2101952803 1553990854 0 8
956911685 140847936 2050933709 1737882351 3 4
910033983 77689781 1428640534 1341469755 7 0
725696921 1399551390 1664853255 2133991250 6 3
1171562982 1264923280 600403372 1098854331 6 0
1473432722 510206509 1397439352 1427901877 8 0
1316375197 873625400 888500973 1219825257 4 5
702919282 1374058086 860471747 2131559815 2 5
607826813 1293741115 13150733 125196419 0 1
1095193563 304328051 565191264 1695596934 9 0
2129311074 729131457 146899295 1379266777 3 5
2126919814 1325924883 937238410 867937138 8 1
1650719103 1101185774 627836952 363707202 5 0
1124790191 1693088755 342138613 1137940923 2 1
438208906 765995089 1926715382 1003400170 9 0
640092955 295935802 1911545574 786992249 6 0
850605258 1654638745 1099536496 1787843667 2 4
1041622532 2025811339 451505115 1669459484 1 1
717856981 1366825085 1082372164 1059995593 6 1
534899274 795491267 1519168780 314131007 2 2
1496545123 291500744 2129212957 1260607049 6 0
1034218661 1929098251 1164086986 2133755156 6 1
1484074496 463597155 1417506914 1935579611 10 0
1659541806 1324863019 703429973 878883243 9 0
1236165604 1012925223 150841192 2031656871 7 0
1683064660 70403861 1961517323 1974565404 0 3
905574749 1709065057 2108859385 687189352 1 4
109163974 117363968 1431721742 572761129 5 4
558334120 1046929040 397197076 1261764092 10 0
656948609 877706009 1014494240 1669873833 0 2
2054484187 1493519400 434248475 2124888048 3 0
29537570 234710150 1166904980 1738602627 7 2
316787374 143733131 1963258307 434151343 3 3
1969022224 647788929 946869909 868467616 8 0
646796252 1701934614 938856363 1661290491 5 3
412474306 1131325339 1313439316 846722780 7 0
1108053011 1138267309 708218892 127474342 5 3
1981568674 1046173663 1048037910 1797343332 6 2
38395471 1301863583 1123798065 985265379 1 4
1046415732 669643803 1723235036 1985272094 6 3
1805192009 595924953 1931401527 971147676 10 0
892647617 1444656417 403217097 2030914927 0 9
612817568 909696439 364776466 1658991231 9 0
991832590 286259835 53031621 146212525 8 0
169060076 1431358320 2084712733 838703880 10 0
1922501178 1022154527 1807185895 1580209539 6 0
403873567 913243565 336267743 1848529984 0 1
1853921645 1847152101 832516590 616134436 10 0
344024172 426385137 79081068 1335856762 6 3
1482069287 2122702871 1170409688 1651129364 8 1
342349596 266203602 882656302 1364504123 3 6
835099955 1517009621 719255760 1748343520 3 4
917320534 2072976384 126740094 616988987 7 1
681433905 1102033498 1169259668 760514972 1 4
892627660 1772475900 1857123863 2063037347 0 7
1023192471 1618471212 1382421360 1905848772 8 0
73747317 1670591642 677853183 793003076 3 4
1213305172 41288401 309139635 1340045266 10 0
1067148959 2082919796 1339711295 21698809 3 5
312105422 839116806 845370279 2084581322 9 0
1213219290 1664974777 1784116450 684206854 2 5
1519698541 60756049 1616228891 1042806535 8 1
166774401 1122256128 1475053492 208062802 5 4
866340191 351061074 603051258 58567837 1 6
11310455 684865305 399380231 856680734 0 0
1617604712 1835182269 465628380 1254237513 7 1
649235438 1891604016 1426296918 117980681 4 0
379729000 953701305 1139678629 1854782491 9 0
374913953 2028104298 774651818 977965210 9 0
538228635 2097982591 1832277007 937608865 7 1
1885746116 277300741 2141938608 203890847 4 2
1569431715 33290044 110480804 848244984 1 3
865667484 530999725 1851109012 2005346113 3 2
281453208 613212522 746010122 1056105025 1 7
56033077 2129406367 635697553 1888310083 5 4
47582773 657794053 1720177971 42037732 10 0
1104232576 408398166 283632969 1137522620 4 2
1288793346 1416286676 1997545438 1819793071 4 2
2058091640 1985301510 2136861111 523820514 3 0
2114998247 1269026593 1101515565 2096920966 5 0
868968903 1200117726 889924774 1526762956 8 1
240964209 1877044624 1340360672 524597177 5 1
1656475129 8393294 1128042670 1506536918 6 0
1214461172 1738794358 2085772572 1203838634 0 7
101837473 82645824 1791143501 1203353038 3 6
2045695038 901052046 601018076 788136163 6 3
1720098668 521295563 1103391100 912975691 2 7
624731684 554884222 1978867991 1752774353 9 0
1853245414 1128398665 1250881419 1791534337 5 3
166167596 286591125 1448658468 1957311096 4 2
1358211445 1388155553 234310009 1959229520 3 4
1185575995 1748906736 1035936927 141483446 4 0
2111958141 1139130464 489230241 1943342483 8 1
1455429543 450182935 1531566399 558827314 1 6
1924839957 260401220 2002911175 1226014777 4 5
559272739 1428440113 586043595 793582747 5 2
1308224109 278278332 216274751 196677387 7 1
131023406 384236272 1869803995 620253646 5 0
1023421379 1635524651 916924452 407504129 1 2
2123824179 1971708274 1271559297 1979251705 4 2
1177139747 1609512142 622744431 1763183341 6 3
230551356 1563835351 2141208749 446826106 6 2
1177499636 1891536144 797723151 899819982 3 4
1366561498 1387727522 465859262 136002301 5 3
1147160376 1771572183 336952205 271236024 7 2
1613023989 632996339 849220103 88284771 3 1
1951215186 479247389 521183048 1944940286 6 1
210943517 2103573132 2025748283 1008666667 5 2
1986484925 74987316 1630298300 304860538 3 2
817588116 1358149994 902134839 1154540321 7 0
394248281 1094926359 990987771 1243468383 2 3
200816079 986942669 1718931193 721999126 10 0
497521040 856211264 995342825 453610524 2 4
1309519990 977046675 1843010770 1384507307 1 3
1595496924 1737907630 817975777 806163270 6 1
288065641 850550251 219280731 1382992000 5 4
418719483 933738177 1663565194 1405662152 8 0
42577811 1002706762 1094291937 1037920636 6 2
894446480 618353628 658330862 589973601 9 0
590361261 1450874212 708616170 1408337038 5 0
1233369487 397619475 2051725242 1452650218 6 3
767915684 51847311 532034146 283997229 3 5
522077901 1500087274 2039926630 1616369837 7 2
1297654023 1284970742 1967113896 1955984884 9 0
926693424 317821957 1125881748 1635309593 0 1
689000935 812044835 1633055058 593242529 3 2
191538496 885127089 1318030197 723572641 10 0
628056011 1760792508 1691202221 2128143285 4 1
371183900 854512108 310258786 1656154642 8 1
1383615338 349149891 1045453446 1701437296 3 1
1280112643 562983571 1222280327 2092157478 1 6
61885235 1314737865 2007061353 947012324 9 0
2116136643 1113340424 196459207 1659855215 1 7
672459976 1465183962 556723157 982718761 8 0
1101478783 209986647 1580015404 2146932228 0 3
532727971 1044052938 1470546965 1755008298 8 1
1423047505 1050612004 686356163 1282625209 8 0
1865775555 1966277324 137497353 2062234761 5 4
1764445808 3625219 549197729 173685316 7 1
1404550828 2087822764 1733039333 837082583 4 3
1744645976 472515668 393548918 1067709293 6 2
439327590 1503087823 285404044 1125683752 2 4
149840680 356521292 2101822049 287338033 8 1
1518835447 2035718213 1436612511 2068033176 2 3
1443602213 1466470710 215811960 1029157897 7 0
378653876 1900715622 628115325 772202793 3 5
6994832 1260268857 63759818 292398875 6 2
427943599 388309642 1058510495 382281999 10 0
1329782899 1815269290 46999476 1218017465 0 1
1279937347 1379870996 1411151217 598924409 9 0
754994055 1751282611 671479342 508226030 0 4
1329167297 940069929 1450676967 441952507 8 1
680421469 1705818949 23535793 1068731111 6 3
1744378787 1946628695 73603434 1791378262 3 6
1758927265 149616211 410388935 1022594833 4 5
1315420298 1503534676 1609870854 1986899639 10 0
1841785140 1283098125 1193444357 634371422 2 7
1638201169 181883637 168334685 1196536470 7 0
1813382266 611237221 833960935 1612527314 4 2
482206178 1862842241 89299166 631822390 4 2
1380363011 2131819416 279830649 736414039 7 2
600691098 1288508114 1402344766 1794135454 6 1
1282048669 1413597057 23036199 1450383353 10 0
228455628 539965500 128548499 839692850 2 4
1524533505 1851781983 75798343 1239892098 7 1
1365639625 905491499 2087983744 1349975393 10 0
676914135 796698367 1304568788 1277605233 6 0
924257039 1860602369 400582466 58822060 1 4
1509205413 1589365657 652074293 2049170913 1 6
1275613700 1311506319 868817000 979912036 7 1
773509537 2094925394 1326865075 1679001036 10 0
529356820 716839536 564855978 1326055187 1 2
1263778020 433354580 619234602 976896741 8 1
2103612519 1257555710 39778427 1545494528 5 4
1115925036 1253913497 1217079393 279947707 7 1
1667252369 2083955946 823017318 1614694116 0 5
1502635958 1792694192 1071374243 2067491935 7 1
1762469497 87560103 1378653499 234220450 0 6
912277111 1020585715 1322662607 952055537 0 1
893521228 1534521632 191238811 2110600620 1 4
12624752 1334238061 102957957 835642069 2 1
1190176775 156600839 1011505874 114067369 0 5
1059366287 1839078623 2070331709 290536137 10 0
987304905 355643034 838092537 2007890620 0 3
279003568 615630953 536185654 1813525200 7 2
1480510892 973355422 511927379 667265305 8 0
1468713834 295125059 390262576 1625314673 3 6
1701923799 1141918890 1563696232 1393518774 5 3
1319334199 2052071855 62391755 9943087 7 0
1800091160 43998748 208844701 188793165 6 0
688095791 1190551193 1989069887 1200023170 10 0
917899616 400108970 1179046685 1213024676 7 1
372171961 1294701489 211317861 1514090851 0 4
431374153 417662792 776687186 335962361 5 2
100957541 73268294 439237785 144956289 9 0
2002480238 1297827458 1316126742 1045547783 3 0
755880633 2057313313 768775234 1934927317 4 2
444321378 1495026302 706364620 655639238 7 1
112992224 1293007658 1834941484 889679409 6 2
1676309681 1729927560 240780677 2115547465 4 1
596094767 1729880440 1820721130 1912221508 6 2
133404123 1383825209 722480844 902179356 0 4
313842486 1615590257 1192877839 1020207105 6 3
290002148 236738072 1200035354 2124943631 3 3
144972366 655243515 263965638 385753042 0 7
908646713 1219402100 1721246281 581884195 1 0
1394535373 1117544083 1585532418 2117016216 8 0
1814867752 186082277 77424259 860261942 1 0
767289637 1496291530 437908179 1967324990 3 2
501363067 1618723879 72085529 765328705 8 1
756694544 765639987 1914794962 330457176 4 5
532164384 594575907 1868995357 2117696802 7 2
579530802 231492579 1927317425 656955060 0 8
858125166 1859044158 334931041 1296033345 7 1
712875357 32764920 1279922786 784960885 10 0
1136916059 1480353746 1554788171 1902556046 3 5
1102596581 1999116332 269926084 1697172488 10 0
240139237 113797316 1314379540 819670039 5 0
1476625100 1437044417 2080336474 187266618 8 1
1483299963 680006780 2076466420 48691673 4 2
833652558 1510865326 198337968 166522657 2 5
1414187716 655931547 1056006947 1265820401 5 2
838964793 1165996867 719493104 5860685 3 6
1100074000 1314808358 354343768 1032926826 7 1
1300710691 837891292 35471828 1229693462 4 4
291115370 1720235524 111625208 489453337 0 5
442863703 1153462249 1685726603 1498870649 2 0
2104566436 1110763796 1630097452 676575891 5 0
1741358890 69214833 635605421 2095702657 3 6
1451167704 255368703 828088043 1486639532 4 1
87399412 1776177536 1287422884 199024619 9 0
1228819675 561010928 32676019 767062629 7 1
1231163214 2016964366 1415238817 713777017 0 9
34574079 139931852 453594484 670179500 7 0
660376249 1539318566 1811104846 1488464291 7 1
1055651651 965873862 777377252 195590886 0 6
1222288303 246234509 1456535406 1254964321 7 2
1559439341 96976704 1238414054 827194510 9 0
1211574159 845327801 1924402516 1665168642 0 7
1073421137 28399903 1404388296 737042334 10 0
135379097 1885725697 425032198 1101252959 9 0
118667793 1411143777 1842911388 364902302 3 2
1378199441 2089128869 362347754 1475176145 9 0
138446219 817046290 253632776 983774021 5 2
351797674 459034886 844738907 380197577 4 5
1897061772 1998802278 1320023291 174610321 3 6
795233405 1071239383 1099302721 490661144 1 6
1441053204 666857479 1761143476 1803400958 5 1
845459573 132996196 1610765392 1099092348 2 5
870410118 1468567891 516281788 1715149024 1 0
1149446617 1598343593 83539952 321986260 6 1
10145203 420703672 2107350926 1109447923 10 0
1396008963 781462529 204934374 2062866442 2 3
2057416418 1188841457 706311257 42928966 4 5
1159699183 709370102 528330076 480783427 0 1
182065248 1457873210 1245442070 1780408841 3 5
1405879107 430041055 1577573533 1826582779 0 7
590463948 1785917295 1321000337 795398321 5 2
656250004 1611232860 757480502 1362561260 9 0
1020481217 666377362 2118973805 1548811292 5 1
1644806744 1329226037 507531609 742765165 7 0
162709846 220546689 331502179 1740283378 0 0
132337537 490109769 359844159 1453337873 9 0
1021976917 1941758094 1524893460 1779457418 4 2
1041577473 29833276 1697949001 1013067629 6 1
62726027 1075967664 2026852179 570257636 1 5
471718758 1981442675 1062066450 803220936 10 0
961712270 1524631447 1706579943 1451822039 1 2
589846481 1798136204 2034411085 384120927 7 1
1540956634 59634006 560478681 1570789910 3 6
1001950830 307725499 1636272338 2077918495 1 7
1749167676 1028613789 530765084 1583126704 9 0
1009885461 904908861 711133820 568981756 5 1
1581415923 799093734 98778333 1468343360 2 4
987244567 576687647 1333958355 1547723247 5 2
973785908 1001944740 1251783212 462574597 7 2
521620922 534063615 320007382 1052386006 2 4
238888378 979592133 1168112834 950022197 5 0
1398147973 982506164 28970172 1496926305 0 3
623767006 1290610443 1788872481 1957725360 3 3
754299425 1664635951 643327483 2006082636 1 2
1297476229 501347823 2109770685 1617483610 10 0
2079477356 1880687582 1792622208 911585841 10 0
595160756 312676082 131193206 1993308729 6 0
1342751386 1598548123 1372348210 1966518392 6 2
1776760105 1432524961 655119785 383575882 8 0
242174870 929404164 726670688 1539651099 5 3
1009651062 837002168 620951432 742854996 2 0
1644171764 1077301483 1845213355 1775364969 8 1
1935528345 118394303 443976429 1160392907 8 0
26646301 1714189152 470692660 681766085 2 3
1980213351 192456257 202290441 559400390 1 5
1248358113 594274770 322560949 1869309545 6 3
1254363169 833817883 1882003160 952092876 10 0
657646075 1945004829 249743902 776040378 1 5
713469426 1427148955 1436783110 280174930 10 0
2118549194 230456317 1170727891 1951278897 7 2
363195639 7536282 858577111 1611553753 8 0
1333379650 1938940820 1985839734 440259171 9 0
1392352047 1086974259 230521673 1189873228 8 0
1431370837 599371321 1720031477 711036145 2 7
461394112 2007219977 83179077 1632122002 9 0
857656685 26727218 513627933 1716233795 8 1
749888205 824176973 906896158 588244290 4 4
161119887 509304544 471661824 391641559 6 0
1398203609 983064962 260267658 970751438 6 3
823474197 8011571 8674769 906653273 1 2
1412744923 350306610 1846417214 1926372855 6 0
894328193 668944962 13907862 1801224350 1 7
1185911915 1418309140 1787648550 1657573738 7 0
1318470074 1060670660 174923989 1578737731 2 7
1727676171 707412647 1877036667 1736350939 5 1
1408557286 879327195 1719993203 1107490851 9 0
297221739 1552544596 160511275 311129600 9 0
1589473606 244713565 688526020 1229638507 5 0
421497533 1073273730 1411663731 596421521 10 0
1295602181 317962968 84720338 2003014828 1 8
1469597101 1417202578 1082144916 201440648 2 6
859657051 481278443 339373859 264717999 8 0
1471003298 2059490244 92493417 1715716863 1 1
1470520519 951525685 1743629458 396310602 3 5
900838416 1511307949 510530300 985558753 7 2
659146381 688952582 1975248865 1741291296 2 4
1783443415 1750050282 1298755792 2122817273 10 0
1940545509 625837083 1338287933 1852552105 8 1
305601073 2040462424 229558020 1257126758 7 2
1472832526 1829175564 1526707038 836656827 10 0
364782142 56012309 750268503 1023928523 0 8
617736172 1635358122 1395511067 253695939 3 0
229029564 1105209391 339845071 854866647 1 0
1573197147 1202534822 350514602 1466175923 3 2
955300509 2057961462 932990239 636992425 3 4
829214641 1801966993 1825659375 1579483143 3 5
10033213 1296148041 2058498741 1405544279 3 1
1952327489 1778873544 106665593 144688911 3 4
189602439 2059453691 1605214091 540117040 10 0
889823283 274752 185962828 800301098 9 0
90002301 555428407 1652169895 1891969295 5 0
422897516 656744752 1094202604 1719045557 3 2
1121405889 1716699694 157107077 752795785 6 3
1239052328 78560906 491398428 1151022371 2 3
381684690 426114631 1031790220 567647517 0 9
1390602770 1316418031 372999970 895289017 10 0
606604103 1979458407 1483801195 1263348855 0 3
1831108699 1278440597 29285345 1400324745 10 0
782081129 1076206384 1737343662 2021133457 6 0
1024672181 691058638 1112773908 1406356871 3 6
1974004388 196105351 1962135689 1217123511 7 2
2112412528 425943412 794256113 1944387287 0 7
723081001 817624061 1741230020 2001521599 1 2
1289585624 1628990534 2070277501 879445637 6 2
960704077 379828876 1768619781 2073477985 5 2
2070558464 1612706488 934414754 1885210504 5 2
2072862514 647275231 725397900 719634978 3 0
629756298 1167259871 1305282919 223502669 6 3
1217573785 163399799 1633699210 1140367638 6 0
70445132 2003549514 1368684782 1839064913 4 2
429890667 1852618667 472609721 1364305420 8 1
1663759907 1515724389 1802231303 241674158 9 0
729333015 717632018 1266186397 2034615933 9 0
2039324608 11224824 303400370 1525540169 9 0
366912425 1222037595 1202311673 1735597206 0 5
595500439 1343509527 689506895 1068110159 0 9
75582583 76607558 1648093160 1877813885 5 4
1976740410 1047614731 306117250 1095443158 5 1
1235443728 826587976 1258476761 1538844098 2 7
737606256 571556922 1484623171 1939917928 3 0
776806155 755170920 1594267910 1466313049 4 4
1598681818 1898863662 83723119 1099291329 4 4
687776560 1458450662 1449619566 993893809 3 0
93662097 1641853900 1063470910 1352138858 3 5
1614724433 1770820606 1839672329 951863955 6 1
1202622337 192577393 607030082 649406598 0 3
656522158 1110088613 34207528 740245276 9 0
1142250110 749672855 974368442 444386027 4 5
681268960 1837228762 875148867 1744739869 8 0
865371627 509124757 1531700176 557560307 7 1
409419469 516127401 1140048808 1016449550 3 6
1299277063 1822056157 1761544215 1333484591 8 1
849402370 1557067895 425629717 1823770812 6 0
1057065777 535239234 1858941495 1932214643 4 4
1693094212 997867082 1262466576 1077310739 10 0
575971639 2024782152 1964846859 1092099040 2 1
110149391 1668802913 2133089825 1932205548 7 1
199539685 958820340 21009491 1756607580 0 2
1610577854 1406162789 754362432 2145817088 10 0
539093427 130828895 1870962455 84703991 2 5
1162014730 536639719 1561917022 1039313234 5 3
2056660546 1187815690 616681806 1577979811 2 1
713359642 345028986 600943392 1672179983 1 6
909146391 63335130 1820645179 167825532 0 8
1285446168 1356790989 1949807515 1008924974 2 3
1994870355 456026062 1467659563 1409303728 0 2
1915836142 1404516194 861994535 385034299 3 4
786438004 1548372000 232961741 1387381395 9 0
1597448719 1982214726 662335348 1270610249 2 5
942105219 1288002779 689340251 744429085 8 0
1675448929 2144314460 439377645 995624843 9 0
669803687 1174487035 1191749488 1531798222 8 0
1419730975 198475690 1427650197 1652692715 0 3
104209284 1035822157 187965963 766544631 1 7
99093892 1101053977 1478525353 788434142 6 1
771785724 1373448344 1624800270 1211163368 6 2
998396660 891393227 2057938198 42662499 6 3
2069424344 1695438776 1668451575 1349590892 0 2
1702825776 1304857128 2142647170 1890791738 9 0
2081314311 23012003 1255166257 1412356015 4 1
892841824 1583231869 179130368 370158445 5 2
1253609608 1645308249 1292113135 1164064157 3 2
486556393 1609911445 1115776064 7524319 9 0
1114349331 367360817 1473797388 1109512852 8 0
1263625131 44499570 1420727502 371307739 9 0
1324473411 202213761 1667921868 1503603778 0 8
1904323685 1825981815 1812658059 1048953171 10 0
1353145159 469290458 1329118718 815572956 6 0
1627591645 1754006781 303508720 1994952463 5 1
2105621370 330552371 529163055 2637293 2 2
1459492878 1835969871 77460558 1661706640 5 0
86595199 1523757899 1337904374 1912577014 4 2
607655690 394593820 708664356 1936774408 5 4
1125933796 690274774 1900254011 1429442516 9 0
694980439 495881311 1163643256 1224143494 1 3
2124614288 1958011483 455925704 54591197 8 0
1635655532 1558829674 1188608047 826076257 0 7
1065450154 1931578730 624650529 1774114509 10 0
1834817304 1920361738 699319640 377608430 2 3
915352019 358739336 676258947 1411233331 4 0
1909751935 142338423 1877533081 1720279770 9 0
1045030597 263114273 1420296163 456376623 3 2
1780299663 1681779026 1164338926 1564394746 9 0
1137780588 1993763211 563847877 1837100227 10 0
89496329 1818378734 1139240014 448235665 6 0
1970618256 100072825 165257984 2112956679 1 8
563737157 1762246535 783084704 826851430 2 7
131090101 1133947821 872277343 1812869128 6 0
1971815034 941772885 1426969030 1818094597 7 2
2041982591 1595117090 787480696 1033738956 4 0
1436728652 1866487363 1234707554 1601986635 0 1
1340040741 248213904 679592700 2123125445 2 4
1215103124 1206155436 701115922 2087380466 4 2
229085259 695872302 1793691906 1656054288 3 4
625156248 260982195 599462462 1412636943 9 0
399788023 583966155 214335285 1634495577 8 0
551841740 1378509884 147025935 1231434439 3 0
798602540 421771157 280763058 1499718461 9 0
204153833 590753234 1848176276 1997845738 1 5
1002191109 724480123 328158075 1601653570 7 2
2096985138 389421442 59361733 163836774 3 2
62648805 428275111 1476340760 209674739 5 2
1431766008 310828443 1104779950 1712529065 1 2
717349390 2014700738 2057201160 418042018 2 1
485217897 719770289 733521509 813375972 5 2
288771549 123441702 1112576370 348133282 1 1
445964157 349927281 1417284852 1922304916 0 4
457830060 1991368029 1240339198 1562610009 6 2
881574285 126279189 770619545 791291796 1 6
800333182 1029539105 1207969015 1533854690 3 4
109525969 2131686626 1505350928 1222102338 3 6
63628430 778300417 2142556686 1480913282 6 2
262940388 1010951745 398559441 1503279586 3 0
259198392 1307652392 2081252077 1029817936 0 6
1518016660 751793722 1507628742 578502026 2 2
1960411252 247690734 1187263149 1318278531 1 7
963424287 1533421503 150416179 958497325 9 0
1513172383 1129791526 1714489610 1911731823 10 0
2140567716 1719221062 744785857 1300736460 10 0
1774603792 1252197000 2131079128 1145136804 9 0
1723638831 2142155488 546800743 1536566435 3 6
707361318 1712155647 1106179652 1670785606 1 8
481799283 1964944640 1960133695 1994971666 3 6
1759219842 1432839982 1520223724 1330957256 1 1
836463099 1804745982 1925673537 820058578 3 1
163799150 378554322 1776852452 710599892 0 5
297180135 474998427 1583887026 1403359786 8 0
512471968 480099668 351957873 325122014 9 0
1852261670 2086807529 584566726 1225001745 4 0
1898478281 2106744237 271971251 1676668169 0 9
1311365132 943118318 1452924712 940733935 1 0
812465312 1950898345 1695560249 248868689 3 3
783365569 1719246452 26476655 1135323442 9 0
287050185 1749146489 293388223 871616910 0 9
1486325826 577659219 1522929949 1758297077 3 4
685183818 1418208872 1097883787 2138108530 10 0
604118348 1211186702 1023924473 407533046 6 1
1614307530 305640288 2056158732 1186070334 3 3
1082955153 686181283 1331048711 684617994 2 4
1511282581 395755216 1541507800 2088941800 1 0
48301893 2073450633 1837505047 1466510765 9 0
1677969925 1627969119 891832984 554410749 4 1
1827203910 1502326047 1956736574 1735878993 10 0
141369867 632393870 1623867888 827551150 0 4
1807120655 2018624553 1672284816 55392224 5 2
1974077389 417486284 1662044861 1900044374 7 2
776411497 1935637611 511558256 256896968 1 4
144915486 183599583 745689267 1647241533 3 1
40670619 134222376 966478483 1664538507 0 5
1825540741 621410534 653578321 1350341908 5 4
816601227 503396499 336229661 331162440 7 1
1312234418 1032368722 231891306 1823792673 10 0
911878251 742278029 1434181178 1095477835 1 8
1088330344 1822051907 974609683 1222552720 6 1
36842599 1423484157 169721635 658253134 6 2
1335055892 1995805853 189181122 1838452392 3 3
2094409617 628289207 1832577980 979294692 5 4
121076735 1772058764 103681386 1555257912 2 1
341713326 1808383295 1266216941 1316323008 7 2
1807987549 920294967 1183264192 1977709183 9 0
1350289077 766120346 961165226 1539470199 7 2
2059813760 404015059 1774006299 1744908092 10 0
486703163 1106311448 1504386487 111278279 6 2
831331231 654157867 1253874078 492230878 10 0
422713437 1375683246 1680154843 83217339 0 5
2060926522 1727042667 1828778407 1263731952 9 0
655718503 802768455 1788177075 568048615 3 4
165473059 442609618 1901402888 1271784508 10 0
2012681166 334293694 711673208 696528749 9 0
1188759628 761342720 240777075 416959226 7 2
565453792 1009949300 237437288 145012812 10 0
1501169239 490692177 1333704042 9404094 3 1
577452710 352760500 241613544 742925769 4 0
2014710277 594882575 2008213950 201520323 5 0
1189971884 1124619419 1746018679 1951314605 10 0
15494257 97844871 1689390907 580948049 0 4
725960861 1799038229 1280513786 1216653039 8 0
362630024 1959656090 1867370591 715390524 1 5
1510760642 49318768 330039342 2105643218 9 0
1264715353 467308120 1721531550 241851124 10 0
1525362506 1607247618 81337408 1623207377 1 0
583517901 928499422 1388246319 235072482 4 3
1220331105 1351447440 820045734 1032503548 8 1
1086289534 1534147093 898713253 1135608302 0 2
1045657372 248262451 2121588176 1512965492 9 0
1578808642 1347672858 1823203270 1660146050 2 2
174947859 1406914488 1753373921 1563194177 9 0
2020609887 714834428 1018867273 693171972 10 0
2090201654 81124582 686143863 1476865100 8 1
1193567886 1836710656 719925890 1441830337 1 1
1264140689 2026770834 1664216376 464329899 7 2
1287726487 379881306 1351826637 547157327 3 4
41660650 1800675059 640663406 756495079 10 0
1333835377 356349407 614776691 1414959959 5 0
247314145 716761787 1137726029 2084024801 6 2
1747356336 1522095409 1696213408 1626643523 5 4
1181650331 68223266 1300786147 1561531637 7 2
1547303215 40103420 1889604125 1200494626 2 3
1872553310 2014602203 854964963 339846352 2 0
284004494 1529392660 466736372 1421730522 3 0
1853803240 1065806502 1278035809 1402533000 10 0
169380297 1415592659 1726616709 237603563 6 1
1657653465 269354982 540484265 1697756886 5 1
231040063 510091013 1466048554 98158618 9 0
1380237133 1115030560 2089899400 762146145 9 0
80596310 1337707331 1070465867 1146402812 8 0
1691369189 637639789 1741107878 1270502249 5 1
263683298 385413169 431874369 804167563 10 0
443349827 397662806 166726472 953440840 4 5
171013168 1522122616 1645122223 1286043729 6 3
720327013 681200992 340381031 2058034344 7 0
378810188 2077182076 1030669385 1016449977 3 3
1891693329 1833325691 417371285 129622851 0 7
65309258 561066239 1619201654 232035729 8 0
496920819 1685520248 710068333 2142043041 6 3
254344113 1544407342 708324044 594725143 6 2
2081508985 1833768227 242205683 964694721 7 2
1118382707 446944238 1598854032 1535753991 10 0
1716570443 609809190 641876348 130153034 2 5
1644660114 1416956559 1370832897 1182696714 2 1
2006777043 6664294 1619736403 1403700737 8 1
711175127 1027495591 1003236 397459706 6 0
1100194263 1035229614 2084080664 1547138501 4 2
2123705590 55686793 2082160197 618098289 8 1
1492010366 1830499941 1433160303 715359614 5 0
2080751904 725006402 1419365840 1553004658 9 0
1619982556 692398619 1014366121 1620985791 6 2
439200099 42568940 1171813361 375797115 3 0
1848148121 1565929383 1714100152 1782824670 1 0
1799028413 1528554391 1582956273 1084705068 2 7
349922965 29698614 1026192035 1769288805 7 0
1756159334 1055202180 1699814145 623041806 4 2
759625553 967904423 684757763 1931438913 3 2
1442368623 1044366011 1692910940 1008985126 5 4
761441457 331251799 1110525709 196914081 6 2
498099712 1765879832 1236654681 1524291746 9 0
384223624 996360675 1727076486 2084037768 5 0
578742942 231544387 1076201584 1263500705 3 4
1390482261 1457868276 1316785486 935909552 0 8
517880869 1080811211 180260670 1628406577 8 0
687878995 1775825005 1214613722 1924533675 6 2
448924331 1536856727 1451175739 28517168 8 0
136814329 2052153790 1154638960 1213015912 8 1
1485435386 411169460 480523240 654737223 5 4
503746093 1864959882 1880704206 684006763 9 0
132740651 2033761806 639287208 1347354372 6 2
1802169435 112252516 1181293391 1105861525 1 3
2028956097 277584014 411890733 1036111408 2 4
58766371 828551664 1991231041 539289611 3 6
1339182605 1987034981 908302640 1072403162 6 2
2083349012 656298747 2140463609 575152571 7 0
219589234 1658338907 1916044311 1400882624 2 3
1908103214 498189233 186914362 172510298 5 2
1752571878 1593067012 358582305 1596319271 1 5
639662028 1324055580 1681422525 1547964668 6 0
1654666470 184840459 713795721 1647646431 6 0
1303954576 979582265 80820452 1072515238 9 0
981845585 2141084455 1195726469 1168759946 6 1
