3 2 1: 2
5 2 1: 4
7 2 1: 6
11 2 1: 10
13 2 1: 12
17 2 1: 16
19 2 1: 18
23 2 1: 22
29 2 1: 28
31 2 1: 30
37 2 1: 36
3 2 2: 4
5 2 2: 8
7 2 2: 12
11 2 2: 20
13 2 2: 24
17 2 2: 32
19 2 2: 36
23 2 2: 44
29 2 2: 56
31 2 2: 60
37 2 2: 72
3 2 3: 2
5 2 3: 4
7 2 3: 6
11 2 3: 10
13 2 3: 12
17 2 3: 16
19 2 3: 18
23 2 3: 22
29 2 3: 28
31 2 3: 30
37 2 3: 36
3 2 4: 4
5 2 4: 8
7 2 4: 12
11 2 4: 20
13 2 4: 24
17 2 4: 32
19 2 4: 36
23 2 4: 44
29 2 4: 56
31 2 4: 60
37 2 4: 72
3 2 5: 2
5 2 5: 4
7 2 5: 6
11 2 5: 10
13 2 5: 12
17 2 5: 16
19 2 5: 18
23 2 5: 22
29 2 5: 28
31 2 5: 30
37 2 5: 36
3 2 6: 4
5 2 6: 8
7 2 6: 12
11 2 6: 20
13 2 6: 24
17 2 6: 32
19 2 6: 36
23 2 6: 44
29 2 6: 56
31 2 6: 60
37 2 6: 72
3 2 7: 2
5 2 7: 4
7 2 7: 6
11 2 7: 10
13 2 7: 12
17 2 7: 16
19 2 7: 18
23 2 7: 22
29 2 7: 28
31 2 7: 30
37 2 7: 36
3 2 8: 4
5 2 8: 8
7 2 8: 12
11 2 8: 20
13 2 8: 24
17 2 8: 32
19 2 8: 36
23 2 8: 44
29 2 8: 56
31 2 8: 60
37 2 8: 72
3 2 9: 2
5 2 9: 4
7 2 9: 6
11 2 9: 10
13 2 9: 12
17 2 9: 16
19 2 9: 18
23 2 9: 22
29 2 9: 28
31 2 9: 30
37 2 9: 36
3 2 10: 4
5 2 10: 8
7 2 10: 12
11 2 10: 20
13 2 10: 24
17 2 10: 32
19 2 10: 36
23 2 10: 44
29 2 10: 56
31 2 10: 60
37 2 10: 72
3 2 11: 2
5 2 11: 4
7 2 11: 6
11 2 11: 10
13 2 11: 12
17 2 11: 16
19 2 11: 18
23 2 11: 22
29 2 11: 28
31 2 11: 30
37 2 11: 36
3 2 12: 4
5 2 12: 8
7 2 12: 12
11 2 12: 20
13 2 12: 24
17 2 12: 32
19 2 12: 36
23 2 12: 44
29 2 12: 56
31 2 12: 60
37 2 12: 72
3 2 13: 2
5 2 13: 4
7 2 13: 6
11 2 13: 10
13 2 13: 12
17 2 13: 16
19 2 13: 18
23 2 13: 22
29 2 13: 28
31 2 13: 30
37 2 13: 36
3 2 14: 4
5 2 14: 8
7 2 14: 12
11 2 14: 20
13 2 14: 24
17 2 14: 32
19 2 14: 36
23 2 14: 44
29 2 14: 56
31 2 14: 60
37 2 14: 72
3 2 15: 2
5 2 15: 4
7 2 15: 6
11 2 15: 10
13 2 15: 12
17 2 15: 16
19 2 15: 18
23 2 15: 22
29 2 15: 28
31 2 15: 30
37 2 15: 36
3 2 16: 4
5 2 16: 8
7 2 16: 12
11 2 16: 20
13 2 16: 24
17 2 16: 32
19 2 16: 36
23 2 16: 44
29 2 16: 56
31 2 16: 60
37 2 16: 72
3 2 17: 2
5 2 17: 4
7 2 17: 6
11 2 17: 10
13 2 17: 12
17 2 17: 16
19 2 17: 18
23 2 17: 22
29 2 17: 28
31 2 17: 30
37 2 17: 36
3 2 18: 4
5 2 18: 8
7 2 18: 12
11 2 18: 20
13 2 18: 24
17 2 18: 32
19 2 18: 36
23 2 18: 44
29 2 18: 56
31 2 18: 60
37 2 18: 72
3 2 19: 2
5 2 19: 4
7 2 19: 6
11 2 19: 10
13 2 19: 12
17 2 19: 16
19 2 19: 18
23 2 19: 22
29 2 19: 28
31 2 19: 30
37 2 19: 36
3 2 20: 4
5 2 20: 8
7 2 20: 12
11 2 20: 20
13 2 20: 24
17 2 20: 32
19 2 20: 36
23 2 20: 44
29 2 20: 56
31 2 20: 60
37 2 20: 72
3 2 21: 2
5 2 21: 4
7 2 21: 6
11 2 21: 10
13 2 21: 12
17 2 21: 16
19 2 21: 18
23 2 21: 22
29 2 21: 28
31 2 21: 30
37 2 21: 36
3 2 22: 4
5 2 22: 8
7 2 22: 12
11 2 22: 20
13 2 22: 24
17 2 22: 32
19 2 22: 36
23 2 22: 44
29 2 22: 56
31 2 22: 60
37 2 22: 72
3 2 23: 2
5 2 23: 4
7 2 23: 6
11 2 23: 10
13 2 23: 12
17 2 23: 16
19 2 23: 18
23 2 23: 22
29 2 23: 28
31 2 23: 30
37 2 23: 36
3 2 24: 4
5 2 24: 8
7 2 24: 12
11 2 24: 20
13 2 24: 24
17 2 24: 32
19 2 24: 36
23 2 24: 44
29 2 24: 56
31 2 24: 60
37 2 24: 72
3 2 25: 2
5 2 25: 4
7 2 25: 6
11 2 25: 10
13 2 25: 12
17 2 25: 16
19 2 25: 18
23 2 25: 22
29 2 25: 28
31 2 25: 30
37 2 25: 36
3 2 26: 4
5 2 26: 8
7 2 26: 12
11 2 26: 20
13 2 26: 24
17 2 26: 32
19 2 26: 36
23 2 26: 44
29 2 26: 56
31 2 26: 60
37 2 26: 72
3 2 27: 2
5 2 27: 4
7 2 27: 6
11 2 27: 10
13 2 27: 12
17 2 27: 16
19 2 27: 18
23 2 27: 22
29 2 27: 28
31 2 27: 30
37 2 27: 36
3 2 28: 4
5 2 28: 8
7 2 28: 12
11 2 28: 20
13 2 28: 24
17 2 28: 32
19 2 28: 36
23 2 28: 44
29 2 28: 56
31 2 28: 60
37 2 28: 72
3 2 29: 2
5 2 29: 4
7 2 29: 6
11 2 29: 10
13 2 29: 12
17 2 29: 16
19 2 29: 18
23 2 29: 22
29 2 29: 28
31 2 29: 30
37 2 29: 36
3 2 30: 4
5 2 30: 8
7 2 30: 12
11 2 30: 20
13 2 30: 24
17 2 30: 32
19 2 30: 36
23 2 30: 44
29 2 30: 56
31 2 30: 60
37 2 30: 72
3 2 31: 2
5 2 31: 4
7 2 31: 6
11 2 31: 10
13 2 31: 12
17 2 31: 16
19 2 31: 18
23 2 31: 22
29 2 31: 28
31 2 31: 30
37 2 31: 36
3 2 32: 4
5 2 32: 8
7 2 32: 12
11 2 32: 20
13 2 32: 24
17 2 32: 32
19 2 32: 36
23 2 32: 44
29 2 32: 56
31 2 32: 60
37 2 32: 72
3 2 33: 2
5 2 33: 4
7 2 33: 6
11 2 33: 10
13 2 33: 12
17 2 33: 16
19 2 33: 18
23 2 33: 22
29 2 33: 28
31 2 33: 30
37 2 33: 36
3 2 34: 4
5 2 34: 8
7 2 34: 12
11 2 34: 20
13 2 34: 24
17 2 34: 32
19 2 34: 36
23 2 34: 44
29 2 34: 56
31 2 34: 60
37 2 34: 72
3 2 35: 2
5 2 35: 4
7 2 35: 6
11 2 35: 10
13 2 35: 12
17 2 35: 16
19 2 35: 18
23 2 35: 22
29 2 35: 28
31 2 35: 30
37 2 35: 36
3 2 36: 4
5 2 36: 8
7 2 36: 12
11 2 36: 20
13 2 36: 24
17 2 36: 32
19 2 36: 36
23 2 36: 44
29 2 36: 56
31 2 36: 60
37 2 36: 72
3 2 37: 2
5 2 37: 4
7 2 37: 6
11 2 37: 10
13 2 37: 12
17 2 37: 16
19 2 37: 18
23 2 37: 22
29 2 37: 28
31 2 37: 30
37 2 37: 36
3 2 38: 4
5 2 38: 8
7 2 38: 12
11 2 38: 20
13 2 38: 24
17 2 38: 32
19 2 38: 36
23 2 38: 44
29 2 38: 56
31 2 38: 60
37 2 38: 72
3 2 39: 2
5 2 39: 4
7 2 39: 6
11 2 39: 10
13 2 39: 12
17 2 39: 16
19 2 39: 18
23 2 39: 22
29 2 39: 28
31 2 39: 30
37 2 39: 36
3 2 40: 4
5 2 40: 8
7 2 40: 12
11 2 40: 20
13 2 40: 24
17 2 40: 32
19 2 40: 36
23 2 40: 44
29 2 40: 56
31 2 40: 60
37 2 40: 72
3 2 41: 2
5 2 41: 4
7 2 41: 6
11 2 41: 10
13 2 41: 12
17 2 41: 16
19 2 41: 18
23 2 41: 22
29 2 41: 28
31 2 41: 30
37 2 41: 36
3 2 42: 4
5 2 42: 8
7 2 42: 12
11 2 42: 20
13 2 42: 24
17 2 42: 32
19 2 42: 36
23 2 42: 44
29 2 42: 56
31 2 42: 60
37 2 42: 72
3 2 43: 2
5 2 43: 4
7 2 43: 6
11 2 43: 10
13 2 43: 12
17 2 43: 16
19 2 43: 18
23 2 43: 22
29 2 43: 28
31 2 43: 30
37 2 43: 36
3 2 44: 4
5 2 44: 8
7 2 44: 12
11 2 44: 20
13 2 44: 24
17 2 44: 32
19 2 44: 36
23 2 44: 44
29 2 44: 56
31 2 44: 60
37 2 44: 72
3 2 45: 2
5 2 45: 4
7 2 45: 6
11 2 45: 10
13 2 45: 12
17 2 45: 16
19 2 45: 18
23 2 45: 22
29 2 45: 28
31 2 45: 30
37 2 45: 36
3 2 46: 4
5 2 46: 8
7 2 46: 12
11 2 46: 20
13 2 46: 24
17 2 46: 32
19 2 46: 36
23 2 46: 44
29 2 46: 56
31 2 46: 60
37 2 46: 72
3 2 47: 2
5 2 47: 4
7 2 47: 6
11 2 47: 10
13 2 47: 12
17 2 47: 16
19 2 47: 18
23 2 47: 22
29 2 47: 28
31 2 47: 30
37 2 47: 36
3 2 48: 4
5 2 48: 8
7 2 48: 12
11 2 48: 20
13 2 48: 24
17 2 48: 32
19 2 48: 36
23 2 48: 44
29 2 48: 56
31 2 48: 60
37 2 48: 72
3 2 49: 2
5 2 49: 4
7 2 49: 6
11 2 49: 10
13 2 49: 12
17 2 49: 16
19 2 49: 18
23 2 49: 22
29 2 49: 28
31 2 49: 30
37 2 49: 36
3 2 50: 4
5 2 50: 8
7 2 50: 12
11 2 50: 20
13 2 50: 24
17 2 50: 32
19 2 50: 36
23 2 50: 44
29 2 50: 56
31 2 50: 60
37 2 50: 72
3 2 51: 2
5 2 51: 4
7 2 51: 6
11 2 51: 10
13 2 51: 12
17 2 51: 16
19 2 51: 18
23 2 51: 22
29 2 51: 28
31 2 51: 30
37 2 51: 36
3 2 52: 4
5 2 52: 8
7 2 52: 12
11 2 52: 20
13 2 52: 24
17 2 52: 32
19 2 52: 36
23 2 52: 44
29 2 52: 56
31 2 52: 60
37 2 52: 72
3 2 53: 2
5 2 53: 4
7 2 53: 6
11 2 53: 10
13 2 53: 12
17 2 53: 16
19 2 53: 18
23 2 53: 22
29 2 53: 28
31 2 53: 30
37 2 53: 36
3 2 54: 4
5 2 54: 8
7 2 54: 12
11 2 54: 20
13 2 54: 24
17 2 54: 32
19 2 54: 36
23 2 54: 44
29 2 54: 56
31 2 54: 60
37 2 54: 72
3 2 55: 2
5 2 55: 4
7 2 55: 6
11 2 55: 10
13 2 55: 12
17 2 55: 16
19 2 55: 18
23 2 55: 22
29 2 55: 28
31 2 55: 30
37 2 55: 36
3 2 56: 4
5 2 56: 8
7 2 56: 12
11 2 56: 20
13 2 56: 24
17 2 56: 32
19 2 56: 36
23 2 56: 44
29 2 56: 56
31 2 56: 60
37 2 56: 72
3 2 57: 2
5 2 57: 4
7 2 57: 6
11 2 57: 10
13 2 57: 12
17 2 57: 16
19 2 57: 18
23 2 57: 22
29 2 57: 28
31 2 57: 30
37 2 57: 36
3 2 58: 4
5 2 58: 8
7 2 58: 12
11 2 58: 20
13 2 58: 24
17 2 58: 32
19 2 58: 36
23 2 58: 44
29 2 58: 56
31 2 58: 60
37 2 58: 72
3 2 59: 2
5 2 59: 4
7 2 59: 6
11 2 59: 10
13 2 59: 12
17 2 59: 16
19 2 59: 18
23 2 59: 22
29 2 59: 28
31 2 59: 30
37 2 59: 36
3 2 60: 4
5 2 60: 8
7 2 60: 12
11 2 60: 20
13 2 60: 24
17 2 60: 32
19 2 60: 36
23 2 60: 44
29 2 60: 56
31 2 60: 60
37 2 60: 72
3 2 61: 2
5 2 61: 4
7 2 61: 6
11 2 61: 10
13 2 61: 12
17 2 61: 16
19 2 61: 18
23 2 61: 22
29 2 61: 28
31 2 61: 30
37 2 61: 36
3 2 62: 4
5 2 62: 8
7 2 62: 12
11 2 62: 20
13 2 62: 24
17 2 62: 32
19 2 62: 36
23 2 62: 44
29 2 62: 56
31 2 62: 60
37 2 62: 72
3 2 63: 2
5 2 63: 4
7 2 63: 6
11 2 63: 10
13 2 63: 12
17 2 63: 16
19 2 63: 18
23 2 63: 22
29 2 63: 28
31 2 63: 30
37 2 63: 36
3 2 64: 4
5 2 64: 8
7 2 64: 12
11 2 64: 20
13 2 64: 24
17 2 64: 32
19 2 64: 36
23 2 64: 44
29 2 64: 56
31 2 64: 60
37 2 64: 72
3 2 65: 2
5 2 65: 4
7 2 65: 6
11 2 65: 10
13 2 65: 12
17 2 65: 16
19 2 65: 18
23 2 65: 22
29 2 65: 28
31 2 65: 30
37 2 65: 36
3 2 66: 4
5 2 66: 8
7 2 66: 12
11 2 66: 20
13 2 66: 24
17 2 66: 32
19 2 66: 36
23 2 66: 44
29 2 66: 56
31 2 66: 60
37 2 66: 72
3 2 67: 2
5 2 67: 4
7 2 67: 6
11 2 67: 10
13 2 67: 12
17 2 67: 16
19 2 67: 18
23 2 67: 22
29 2 67: 28
31 2 67: 30
37 2 67: 36
3 2 68: 4
5 2 68: 8
7 2 68: 12
11 2 68: 20
13 2 68: 24
17 2 68: 32
19 2 68: 36
23 2 68: 44
29 2 68: 56
31 2 68: 60
37 2 68: 72
3 2 69: 2
5 2 69: 4
7 2 69: 6
11 2 69: 10
13 2 69: 12
17 2 69: 16
19 2 69: 18
23 2 69: 22
29 2 69: 28
31 2 69: 30
37 2 69: 36
3 2 70: 4
5 2 70: 8
7 2 70: 12
11 2 70: 20
13 2 70: 24
17 2 70: 32
19 2 70: 36
23 2 70: 44
29 2 70: 56
31 2 70: 60
37 2 70: 72
3 2 71: 2
5 2 71: 4
7 2 71: 6
11 2 71: 10
13 2 71: 12
17 2 71: 16
19 2 71: 18
23 2 71: 22
29 2 71: 28
31 2 71: 30
37 2 71: 36
3 2 72: 4
5 2 72: 8
7 2 72: 12
11 2 72: 20
13 2 72: 24
17 2 72: 32
19 2 72: 36
23 2 72: 44
29 2 72: 56
31 2 72: 60
37 2 72: 72
3 2 73: 2
5 2 73: 4
7 2 73: 6
11 2 73: 10
13 2 73: 12
17 2 73: 16
19 2 73: 18
23 2 73: 22
29 2 73: 28
31 2 73: 30
37 2 73: 36
3 2 74: 4
5 2 74: 8
7 2 74: 12
11 2 74: 20
13 2 74: 24
17 2 74: 32
19 2 74: 36
23 2 74: 44
29 2 74: 56
31 2 74: 60
37 2 74: 72
3 2 75: 2
5 2 75: 4
7 2 75: 6
11 2 75: 10
13 2 75: 12
17 2 75: 16
19 2 75: 18
23 2 75: 22
29 2 75: 28
31 2 75: 30
37 2 75: 36
3 2 76: 4
5 2 76: 8
7 2 76: 12
11 2 76: 20
13 2 76: 24
17 2 76: 32
19 2 76: 36
23 2 76: 44
29 2 76: 56
31 2 76: 60
37 2 76: 72
3 2 77: 2
5 2 77: 4
7 2 77: 6
11 2 77: 10
13 2 77: 12
17 2 77: 16
19 2 77: 18
23 2 77: 22
29 2 77: 28
31 2 77: 30
37 2 77: 36
3 2 78: 4
5 2 78: 8
7 2 78: 12
11 2 78: 20
13 2 78: 24
17 2 78: 32
19 2 78: 36
23 2 78: 44
29 2 78: 56
31 2 78: 60
37 2 78: 72
3 2 79: 2
5 2 79: 4
7 2 79: 6
11 2 79: 10
13 2 79: 12
17 2 79: 16
19 2 79: 18
23 2 79: 22
29 2 79: 28
31 2 79: 30
37 2 79: 36
3 2 80: 4
5 2 80: 8
7 2 80: 12
11 2 80: 20
13 2 80: 24
17 2 80: 32
19 2 80: 36
23 2 80: 44
29 2 80: 56
31 2 80: 60
37 2 80: 72
3 2 81: 2
5 2 81: 4
7 2 81: 6
11 2 81: 10
13 2 81: 12
17 2 81: 16
19 2 81: 18
23 2 81: 22
29 2 81: 28
31 2 81: 30
37 2 81: 36
3 2 82: 4
5 2 82: 8
7 2 82: 12
11 2 82: 20
13 2 82: 24
17 2 82: 32
19 2 82: 36
23 2 82: 44
29 2 82: 56
31 2 82: 60
37 2 82: 72
3 2 83: 2
5 2 83: 4
7 2 83: 6
11 2 83: 10
13 2 83: 12
17 2 83: 16
19 2 83: 18
23 2 83: 22
29 2 83: 28
31 2 83: 30
37 2 83: 36
3 2 84: 4
5 2 84: 8
7 2 84: 12
11 2 84: 20
13 2 84: 24
17 2 84: 32
19 2 84: 36
23 2 84: 44
29 2 84: 56
31 2 84: 60
37 2 84: 72
3 2 85: 2
5 2 85: 4
7 2 85: 6
11 2 85: 10
13 2 85: 12
17 2 85: 16
19 2 85: 18
23 2 85: 22
29 2 85: 28
31 2 85: 30
37 2 85: 36
3 2 86: 4
5 2 86: 8
7 2 86: 12
11 2 86: 20
13 2 86: 24
17 2 86: 32
19 2 86: 36
23 2 86: 44
29 2 86: 56
31 2 86: 60
37 2 86: 72
3 2 87: 2
5 2 87: 4
7 2 87: 6
11 2 87: 10
13 2 87: 12
17 2 87: 16
19 2 87: 18
23 2 87: 22
29 2 87: 28
31 2 87: 30
37 2 87: 36
3 2 88: 4
5 2 88: 8
7 2 88: 12
11 2 88: 20
13 2 88: 24
17 2 88: 32
19 2 88: 36
23 2 88: 44
29 2 88: 56
31 2 88: 60
37 2 88: 72
3 2 89: 2
5 2 89: 4
7 2 89: 6
11 2 89: 10
13 2 89: 12
17 2 89: 16
19 2 89: 18
23 2 89: 22
29 2 89: 28
31 2 89: 30
37 2 89: 36
3 2 90: 4
5 2 90: 8
7 2 90: 12
11 2 90: 20
13 2 90: 24
17 2 90: 32
19 2 90: 36
23 2 90: 44
29 2 90: 56
31 2 90: 60
37 2 90: 72
3 2 91: 2
5 2 91: 4
7 2 91: 6
11 2 91: 10
13 2 91: 12
17 2 91: 16
19 2 91: 18
23 2 91: 22
29 2 91: 28
31 2 91: 30
37 2 91: 36
3 2 92: 4
5 2 92: 8
7 2 92: 12
11 2 92: 20
13 2 92: 24
17 2 92: 32
19 2 92: 36
23 2 92: 44
29 2 92: 56
31 2 92: 60
37 2 92: 72
3 2 93: 2
5 2 93: 4
7 2 93: 6
11 2 93: 10
13 2 93: 12
17 2 93: 16
19 2 93: 18
23 2 93: 22
29 2 93: 28
31 2 93: 30
37 2 93: 36
3 2 94: 4
5 2 94: 8
7 2 94: 12
11 2 94: 20
13 2 94: 24
17 2 94: 32
19 2 94: 36
23 2 94: 44
29 2 94: 56
31 2 94: 60
37 2 94: 72
3 2 95: 2
5 2 95: 4
7 2 95: 6
11 2 95: 10
13 2 95: 12
17 2 95: 16
19 2 95: 18
23 2 95: 22
29 2 95: 28
31 2 95: 30
37 2 95: 36
3 2 96: 4
5 2 96: 8
7 2 96: 12
11 2 96: 20
13 2 96: 24
17 2 96: 32
19 2 96: 36
23 2 96: 44
29 2 96: 56
31 2 96: 60
37 2 96: 72
3 2 97: 2
5 2 97: 4
7 2 97: 6
11 2 97: 10
13 2 97: 12
17 2 97: 16
19 2 97: 18
23 2 97: 22
29 2 97: 28
31 2 97: 30
37 2 97: 36
3 2 98: 4
5 2 98: 8
7 2 98: 12
11 2 98: 20
13 2 98: 24
17 2 98: 32
19 2 98: 36
23 2 98: 44
29 2 98: 56
31 2 98: 60
37 2 98: 72
3 2 99: 2
5 2 99: 4
7 2 99: 6
11 2 99: 10
13 2 99: 12
17 2 99: 16
19 2 99: 18
23 2 99: 22
29 2 99: 28
31 2 99: 30
37 2 99: 36
3 2 100: 4
5 2 100: 8
7 2 100: 12
11 2 100: 20
13 2 100: 24
17 2 100: 32
19 2 100: 36
23 2 100: 44
29 2 100: 56
31 2 100: 60
37 2 100: 72
3 3 1: 2
5 3 1: 4
7 3 1: 6
11 3 1: 10
13 3 1: 12
17 3 1: 16
19 3 1: 18
23 3 1: 22
29 3 1: 28
31 3 1: 30
37 3 1: 36
3 3 2: 2
5 3 2: 4
7 3 2: 6
11 3 2: 10
13 3 2: 12
17 3 2: 16
19 3 2: 18
23 3 2: 22
29 3 2: 28
31 3 2: 30
37 3 2: 36
3 3 3: 2
5 3 3: 4
7 3 3: 18
11 3 3: 10
13 3 3: 36
17 3 3: 16
19 3 3: 54
23 3 3: 22
29 3 3: 28
31 3 3: 90
37 3 3: 108
3 3 4: 2
5 3 4: 4
7 3 4: 6
11 3 4: 10
13 3 4: 12
17 3 4: 16
19 3 4: 18
23 3 4: 22
29 3 4: 28
31 3 4: 30
37 3 4: 36
3 3 5: 2
5 3 5: 4
7 3 5: 6
11 3 5: 10
13 3 5: 12
17 3 5: 16
19 3 5: 18
23 3 5: 22
29 3 5: 28
31 3 5: 30
37 3 5: 36
3 3 6: 2
5 3 6: 4
7 3 6: 18
11 3 6: 10
13 3 6: 36
17 3 6: 16
19 3 6: 54
23 3 6: 22
29 3 6: 28
31 3 6: 90
37 3 6: 108
3 3 7: 2
5 3 7: 4
7 3 7: 6
11 3 7: 10
13 3 7: 12
17 3 7: 16
19 3 7: 18
23 3 7: 22
29 3 7: 28
31 3 7: 30
37 3 7: 36
3 3 8: 2
5 3 8: 4
7 3 8: 6
11 3 8: 10
13 3 8: 12
17 3 8: 16
19 3 8: 18
23 3 8: 22
29 3 8: 28
31 3 8: 30
37 3 8: 36
3 3 9: 2
5 3 9: 4
7 3 9: 18
11 3 9: 10
13 3 9: 36
17 3 9: 16
19 3 9: 54
23 3 9: 22
29 3 9: 28
31 3 9: 90
37 3 9: 108
3 3 10: 2
5 3 10: 4
7 3 10: 6
11 3 10: 10
13 3 10: 12
17 3 10: 16
19 3 10: 18
23 3 10: 22
29 3 10: 28
31 3 10: 30
37 3 10: 36
3 3 11: 2
5 3 11: 4
7 3 11: 6
11 3 11: 10
13 3 11: 12
17 3 11: 16
19 3 11: 18
23 3 11: 22
29 3 11: 28
31 3 11: 30
37 3 11: 36
3 3 12: 2
5 3 12: 4
7 3 12: 18
11 3 12: 10
13 3 12: 36
17 3 12: 16
19 3 12: 54
23 3 12: 22
29 3 12: 28
31 3 12: 90
37 3 12: 108
3 3 13: 2
5 3 13: 4
7 3 13: 6
11 3 13: 10
13 3 13: 12
17 3 13: 16
19 3 13: 18
23 3 13: 22
29 3 13: 28
31 3 13: 30
37 3 13: 36
3 3 14: 2
5 3 14: 4
7 3 14: 6
11 3 14: 10
13 3 14: 12
17 3 14: 16
19 3 14: 18
23 3 14: 22
29 3 14: 28
31 3 14: 30
37 3 14: 36
3 3 15: 2
5 3 15: 4
7 3 15: 18
11 3 15: 10
13 3 15: 36
17 3 15: 16
19 3 15: 54
23 3 15: 22
29 3 15: 28
31 3 15: 90
37 3 15: 108
3 3 16: 2
5 3 16: 4
7 3 16: 6
11 3 16: 10
13 3 16: 12
17 3 16: 16
19 3 16: 18
23 3 16: 22
29 3 16: 28
31 3 16: 30
37 3 16: 36
3 3 17: 2
5 3 17: 4
7 3 17: 6
11 3 17: 10
13 3 17: 12
17 3 17: 16
19 3 17: 18
23 3 17: 22
29 3 17: 28
31 3 17: 30
37 3 17: 36
3 3 18: 2
5 3 18: 4
7 3 18: 18
11 3 18: 10
13 3 18: 36
17 3 18: 16
19 3 18: 54
23 3 18: 22
29 3 18: 28
31 3 18: 90
37 3 18: 108
3 3 19: 2
5 3 19: 4
7 3 19: 6
11 3 19: 10
13 3 19: 12
17 3 19: 16
19 3 19: 18
23 3 19: 22
29 3 19: 28
31 3 19: 30
37 3 19: 36
3 3 20: 2
5 3 20: 4
7 3 20: 6
11 3 20: 10
13 3 20: 12
17 3 20: 16
19 3 20: 18
23 3 20: 22
29 3 20: 28
31 3 20: 30
37 3 20: 36
3 3 21: 2
5 3 21: 4
7 3 21: 18
11 3 21: 10
13 3 21: 36
17 3 21: 16
19 3 21: 54
23 3 21: 22
29 3 21: 28
31 3 21: 90
37 3 21: 108
3 3 22: 2
5 3 22: 4
7 3 22: 6
11 3 22: 10
13 3 22: 12
17 3 22: 16
19 3 22: 18
23 3 22: 22
29 3 22: 28
31 3 22: 30
37 3 22: 36
3 3 23: 2
5 3 23: 4
7 3 23: 6
11 3 23: 10
13 3 23: 12
17 3 23: 16
19 3 23: 18
23 3 23: 22
29 3 23: 28
31 3 23: 30
37 3 23: 36
3 3 24: 2
5 3 24: 4
7 3 24: 18
11 3 24: 10
13 3 24: 36
17 3 24: 16
19 3 24: 54
23 3 24: 22
29 3 24: 28
31 3 24: 90
37 3 24: 108
3 3 25: 2
5 3 25: 4
7 3 25: 6
11 3 25: 10
13 3 25: 12
17 3 25: 16
19 3 25: 18
23 3 25: 22
29 3 25: 28
31 3 25: 30
37 3 25: 36
3 3 26: 2
5 3 26: 4
7 3 26: 6
11 3 26: 10
13 3 26: 12
17 3 26: 16
19 3 26: 18
23 3 26: 22
29 3 26: 28
31 3 26: 30
37 3 26: 36
3 3 27: 2
5 3 27: 4
7 3 27: 18
11 3 27: 10
13 3 27: 36
17 3 27: 16
19 3 27: 54
23 3 27: 22
29 3 27: 28
31 3 27: 90
37 3 27: 108
3 3 28: 2
5 3 28: 4
7 3 28: 6
11 3 28: 10
13 3 28: 12
17 3 28: 16
19 3 28: 18
23 3 28: 22
29 3 28: 28
31 3 28: 30
37 3 28: 36
3 3 29: 2
5 3 29: 4
7 3 29: 6
11 3 29: 10
13 3 29: 12
17 3 29: 16
19 3 29: 18
23 3 29: 22
29 3 29: 28
31 3 29: 30
37 3 29: 36
3 3 30: 2
5 3 30: 4
7 3 30: 18
11 3 30: 10
13 3 30: 36
17 3 30: 16
19 3 30: 54
23 3 30: 22
29 3 30: 28
31 3 30: 90
37 3 30: 108
3 3 31: 2
5 3 31: 4
7 3 31: 6
11 3 31: 10
13 3 31: 12
17 3 31: 16
19 3 31: 18
23 3 31: 22
29 3 31: 28
31 3 31: 30
37 3 31: 36
3 3 32: 2
5 3 32: 4
7 3 32: 6
11 3 32: 10
13 3 32: 12
17 3 32: 16
19 3 32: 18
23 3 32: 22
29 3 32: 28
31 3 32: 30
37 3 32: 36
3 3 33: 2
5 3 33: 4
7 3 33: 18
11 3 33: 10
13 3 33: 36
17 3 33: 16
19 3 33: 54
23 3 33: 22
29 3 33: 28
31 3 33: 90
37 3 33: 108
3 3 34: 2
5 3 34: 4
7 3 34: 6
11 3 34: 10
13 3 34: 12
17 3 34: 16
19 3 34: 18
23 3 34: 22
29 3 34: 28
31 3 34: 30
37 3 34: 36
3 3 35: 2
5 3 35: 4
7 3 35: 6
11 3 35: 10
13 3 35: 12
17 3 35: 16
19 3 35: 18
23 3 35: 22
29 3 35: 28
31 3 35: 30
37 3 35: 36
3 3 36: 2
5 3 36: 4
7 3 36: 18
11 3 36: 10
13 3 36: 36
17 3 36: 16
19 3 36: 54
23 3 36: 22
29 3 36: 28
31 3 36: 90
37 3 36: 108
3 3 37: 2
5 3 37: 4
7 3 37: 6
11 3 37: 10
13 3 37: 12
17 3 37: 16
19 3 37: 18
23 3 37: 22
29 3 37: 28
31 3 37: 30
37 3 37: 36
3 3 38: 2
5 3 38: 4
7 3 38: 6
11 3 38: 10
13 3 38: 12
17 3 38: 16
19 3 38: 18
23 3 38: 22
29 3 38: 28
31 3 38: 30
37 3 38: 36
3 3 39: 2
5 3 39: 4
7 3 39: 18
11 3 39: 10
13 3 39: 36
17 3 39: 16
19 3 39: 54
23 3 39: 22
29 3 39: 28
31 3 39: 90
37 3 39: 108
3 3 40: 2
5 3 40: 4
7 3 40: 6
11 3 40: 10
13 3 40: 12
17 3 40: 16
19 3 40: 18
23 3 40: 22
29 3 40: 28
31 3 40: 30
37 3 40: 36
3 3 41: 2
5 3 41: 4
7 3 41: 6
11 3 41: 10
13 3 41: 12
17 3 41: 16
19 3 41: 18
23 3 41: 22
29 3 41: 28
31 3 41: 30
37 3 41: 36
3 3 42: 2
5 3 42: 4
7 3 42: 18
11 3 42: 10
13 3 42: 36
17 3 42: 16
19 3 42: 54
23 3 42: 22
29 3 42: 28
31 3 42: 90
37 3 42: 108
3 3 43: 2
5 3 43: 4
7 3 43: 6
11 3 43: 10
13 3 43: 12
17 3 43: 16
19 3 43: 18
23 3 43: 22
29 3 43: 28
31 3 43: 30
37 3 43: 36
3 3 44: 2
5 3 44: 4
7 3 44: 6
11 3 44: 10
13 3 44: 12
17 3 44: 16
19 3 44: 18
23 3 44: 22
29 3 44: 28
31 3 44: 30
37 3 44: 36
3 3 45: 2
5 3 45: 4
7 3 45: 18
11 3 45: 10
13 3 45: 36
17 3 45: 16
19 3 45: 54
23 3 45: 22
29 3 45: 28
31 3 45: 90
37 3 45: 108
3 3 46: 2
5 3 46: 4
7 3 46: 6
11 3 46: 10
13 3 46: 12
17 3 46: 16
19 3 46: 18
23 3 46: 22
29 3 46: 28
31 3 46: 30
37 3 46: 36
3 3 47: 2
5 3 47: 4
7 3 47: 6
11 3 47: 10
13 3 47: 12
17 3 47: 16
19 3 47: 18
23 3 47: 22
29 3 47: 28
31 3 47: 30
37 3 47: 36
3 3 48: 2
5 3 48: 4
7 3 48: 18
11 3 48: 10
13 3 48: 36
17 3 48: 16
19 3 48: 54
23 3 48: 22
29 3 48: 28
31 3 48: 90
37 3 48: 108
3 3 49: 2
5 3 49: 4
7 3 49: 6
11 3 49: 10
13 3 49: 12
17 3 49: 16
19 3 49: 18
23 3 49: 22
29 3 49: 28
31 3 49: 30
37 3 49: 36
3 3 50: 2
5 3 50: 4
7 3 50: 6
11 3 50: 10
13 3 50: 12
17 3 50: 16
19 3 50: 18
23 3 50: 22
29 3 50: 28
31 3 50: 30
37 3 50: 36
3 3 51: 2
5 3 51: 4
7 3 51: 18
11 3 51: 10
13 3 51: 36
17 3 51: 16
19 3 51: 54
23 3 51: 22
29 3 51: 28
31 3 51: 90
37 3 51: 108
3 3 52: 2
5 3 52: 4
7 3 52: 6
11 3 52: 10
13 3 52: 12
17 3 52: 16
19 3 52: 18
23 3 52: 22
29 3 52: 28
31 3 52: 30
37 3 52: 36
3 3 53: 2
5 3 53: 4
7 3 53: 6
11 3 53: 10
13 3 53: 12
17 3 53: 16
19 3 53: 18
23 3 53: 22
29 3 53: 28
31 3 53: 30
37 3 53: 36
3 3 54: 2
5 3 54: 4
7 3 54: 18
11 3 54: 10
13 3 54: 36
17 3 54: 16
19 3 54: 54
23 3 54: 22
29 3 54: 28
31 3 54: 90
37 3 54: 108
3 3 55: 2
5 3 55: 4
7 3 55: 6
11 3 55: 10
13 3 55: 12
17 3 55: 16
19 3 55: 18
23 3 55: 22
29 3 55: 28
31 3 55: 30
37 3 55: 36
3 3 56: 2
5 3 56: 4
7 3 56: 6
11 3 56: 10
13 3 56: 12
17 3 56: 16
19 3 56: 18
23 3 56: 22
29 3 56: 28
31 3 56: 30
37 3 56: 36
3 3 57: 2
5 3 57: 4
7 3 57: 18
11 3 57: 10
13 3 57: 36
17 3 57: 16
19 3 57: 54
23 3 57: 22
29 3 57: 28
31 3 57: 90
37 3 57: 108
3 3 58: 2
5 3 58: 4
7 3 58: 6
11 3 58: 10
13 3 58: 12
17 3 58: 16
19 3 58: 18
23 3 58: 22
29 3 58: 28
31 3 58: 30
37 3 58: 36
3 3 59: 2
5 3 59: 4
7 3 59: 6
11 3 59: 10
13 3 59: 12
17 3 59: 16
19 3 59: 18
23 3 59: 22
29 3 59: 28
31 3 59: 30
37 3 59: 36
3 3 60: 2
5 3 60: 4
7 3 60: 18
11 3 60: 10
13 3 60: 36
17 3 60: 16
19 3 60: 54
23 3 60: 22
29 3 60: 28
31 3 60: 90
37 3 60: 108
3 3 61: 2
5 3 61: 4
7 3 61: 6
11 3 61: 10
13 3 61: 12
17 3 61: 16
19 3 61: 18
23 3 61: 22
29 3 61: 28
31 3 61: 30
37 3 61: 36
3 3 62: 2
5 3 62: 4
7 3 62: 6
11 3 62: 10
13 3 62: 12
17 3 62: 16
19 3 62: 18
23 3 62: 22
29 3 62: 28
31 3 62: 30
37 3 62: 36
3 3 63: 2
5 3 63: 4
7 3 63: 18
11 3 63: 10
13 3 63: 36
17 3 63: 16
19 3 63: 54
23 3 63: 22
29 3 63: 28
31 3 63: 90
37 3 63: 108
3 3 64: 2
5 3 64: 4
7 3 64: 6
11 3 64: 10
13 3 64: 12
17 3 64: 16
19 3 64: 18
23 3 64: 22
29 3 64: 28
31 3 64: 30
37 3 64: 36
3 3 65: 2
5 3 65: 4
7 3 65: 6
11 3 65: 10
13 3 65: 12
17 3 65: 16
19 3 65: 18
23 3 65: 22
29 3 65: 28
31 3 65: 30
37 3 65: 36
3 3 66: 2
5 3 66: 4
7 3 66: 18
11 3 66: 10
13 3 66: 36
17 3 66: 16
19 3 66: 54
23 3 66: 22
29 3 66: 28
31 3 66: 90
37 3 66: 108
3 3 67: 2
5 3 67: 4
7 3 67: 6
11 3 67: 10
13 3 67: 12
17 3 67: 16
19 3 67: 18
23 3 67: 22
29 3 67: 28
31 3 67: 30
37 3 67: 36
3 3 68: 2
5 3 68: 4
7 3 68: 6
11 3 68: 10
13 3 68: 12
17 3 68: 16
19 3 68: 18
23 3 68: 22
29 3 68: 28
31 3 68: 30
37 3 68: 36
3 3 69: 2
5 3 69: 4
7 3 69: 18
11 3 69: 10
13 3 69: 36
17 3 69: 16
19 3 69: 54
23 3 69: 22
29 3 69: 28
31 3 69: 90
37 3 69: 108
3 3 70: 2
5 3 70: 4
7 3 70: 6
11 3 70: 10
13 3 70: 12
17 3 70: 16
19 3 70: 18
23 3 70: 22
29 3 70: 28
31 3 70: 30
37 3 70: 36
3 3 71: 2
5 3 71: 4
7 3 71: 6
11 3 71: 10
13 3 71: 12
17 3 71: 16
19 3 71: 18
23 3 71: 22
29 3 71: 28
31 3 71: 30
37 3 71: 36
3 3 72: 2
5 3 72: 4
7 3 72: 18
11 3 72: 10
13 3 72: 36
17 3 72: 16
19 3 72: 54
23 3 72: 22
29 3 72: 28
31 3 72: 90
37 3 72: 108
3 3 73: 2
5 3 73: 4
7 3 73: 6
11 3 73: 10
13 3 73: 12
17 3 73: 16
19 3 73: 18
23 3 73: 22
29 3 73: 28
31 3 73: 30
37 3 73: 36
3 3 74: 2
5 3 74: 4
7 3 74: 6
11 3 74: 10
13 3 74: 12
17 3 74: 16
19 3 74: 18
23 3 74: 22
29 3 74: 28
31 3 74: 30
37 3 74: 36
3 3 75: 2
5 3 75: 4
7 3 75: 18
11 3 75: 10
13 3 75: 36
17 3 75: 16
19 3 75: 54
23 3 75: 22
29 3 75: 28
31 3 75: 90
37 3 75: 108
3 3 76: 2
5 3 76: 4
7 3 76: 6
11 3 76: 10
13 3 76: 12
17 3 76: 16
19 3 76: 18
23 3 76: 22
29 3 76: 28
31 3 76: 30
37 3 76: 36
3 3 77: 2
5 3 77: 4
7 3 77: 6
11 3 77: 10
13 3 77: 12
17 3 77: 16
19 3 77: 18
23 3 77: 22
29 3 77: 28
31 3 77: 30
37 3 77: 36
3 3 78: 2
5 3 78: 4
7 3 78: 18
11 3 78: 10
13 3 78: 36
17 3 78: 16
19 3 78: 54
23 3 78: 22
29 3 78: 28
31 3 78: 90
37 3 78: 108
3 3 79: 2
5 3 79: 4
7 3 79: 6
11 3 79: 10
13 3 79: 12
17 3 79: 16
19 3 79: 18
23 3 79: 22
29 3 79: 28
31 3 79: 30
37 3 79: 36
3 3 80: 2
5 3 80: 4
7 3 80: 6
11 3 80: 10
13 3 80: 12
17 3 80: 16
19 3 80: 18
23 3 80: 22
29 3 80: 28
31 3 80: 30
37 3 80: 36
3 3 81: 2
5 3 81: 4
7 3 81: 18
11 3 81: 10
13 3 81: 36
17 3 81: 16
19 3 81: 54
23 3 81: 22
29 3 81: 28
31 3 81: 90
37 3 81: 108
3 3 82: 2
5 3 82: 4
7 3 82: 6
11 3 82: 10
13 3 82: 12
17 3 82: 16
19 3 82: 18
23 3 82: 22
29 3 82: 28
31 3 82: 30
37 3 82: 36
3 3 83: 2
5 3 83: 4
7 3 83: 6
11 3 83: 10
13 3 83: 12
17 3 83: 16
19 3 83: 18
23 3 83: 22
29 3 83: 28
31 3 83: 30
37 3 83: 36
3 3 84: 2
5 3 84: 4
7 3 84: 18
11 3 84: 10
13 3 84: 36
17 3 84: 16
19 3 84: 54
23 3 84: 22
29 3 84: 28
31 3 84: 90
37 3 84: 108
3 3 85: 2
5 3 85: 4
7 3 85: 6
11 3 85: 10
13 3 85: 12
17 3 85: 16
19 3 85: 18
23 3 85: 22
29 3 85: 28
31 3 85: 30
37 3 85: 36
3 3 86: 2
5 3 86: 4
7 3 86: 6
11 3 86: 10
13 3 86: 12
17 3 86: 16
19 3 86: 18
23 3 86: 22
29 3 86: 28
31 3 86: 30
37 3 86: 36
3 3 87: 2
5 3 87: 4
7 3 87: 18
11 3 87: 10
13 3 87: 36
17 3 87: 16
19 3 87: 54
23 3 87: 22
29 3 87: 28
31 3 87: 90
37 3 87: 108
3 3 88: 2
5 3 88: 4
7 3 88: 6
11 3 88: 10
13 3 88: 12
17 3 88: 16
19 3 88: 18
23 3 88: 22
29 3 88: 28
31 3 88: 30
37 3 88: 36
3 3 89: 2
5 3 89: 4
7 3 89: 6
11 3 89: 10
13 3 89: 12
17 3 89: 16
19 3 89: 18
23 3 89: 22
29 3 89: 28
31 3 89: 30
37 3 89: 36
3 3 90: 2
5 3 90: 4
7 3 90: 18
11 3 90: 10
13 3 90: 36
17 3 90: 16
19 3 90: 54
23 3 90: 22
29 3 90: 28
31 3 90: 90
37 3 90: 108
3 3 91: 2
5 3 91: 4
7 3 91: 6
11 3 91: 10
13 3 91: 12
17 3 91: 16
19 3 91: 18
23 3 91: 22
29 3 91: 28
31 3 91: 30
37 3 91: 36
3 3 92: 2
5 3 92: 4
7 3 92: 6
11 3 92: 10
13 3 92: 12
17 3 92: 16
19 3 92: 18
23 3 92: 22
29 3 92: 28
31 3 92: 30
37 3 92: 36
3 3 93: 2
5 3 93: 4
7 3 93: 18
11 3 93: 10
13 3 93: 36
17 3 93: 16
19 3 93: 54
23 3 93: 22
29 3 93: 28
31 3 93: 90
37 3 93: 108
3 3 94: 2
5 3 94: 4
7 3 94: 6
11 3 94: 10
13 3 94: 12
17 3 94: 16
19 3 94: 18
23 3 94: 22
29 3 94: 28
31 3 94: 30
37 3 94: 36
3 3 95: 2
5 3 95: 4
7 3 95: 6
11 3 95: 10
13 3 95: 12
17 3 95: 16
19 3 95: 18
23 3 95: 22
29 3 95: 28
31 3 95: 30
37 3 95: 36
3 3 96: 2
5 3 96: 4
7 3 96: 18
11 3 96: 10
13 3 96: 36
17 3 96: 16
19 3 96: 54
23 3 96: 22
29 3 96: 28
31 3 96: 90
37 3 96: 108
3 3 97: 2
5 3 97: 4
7 3 97: 6
11 3 97: 10
13 3 97: 12
17 3 97: 16
19 3 97: 18
23 3 97: 22
29 3 97: 28
31 3 97: 30
37 3 97: 36
3 3 98: 2
5 3 98: 4
7 3 98: 6
11 3 98: 10
13 3 98: 12
17 3 98: 16
19 3 98: 18
23 3 98: 22
29 3 98: 28
31 3 98: 30
37 3 98: 36
3 3 99: 2
5 3 99: 4
7 3 99: 18
11 3 99: 10
13 3 99: 36
17 3 99: 16
19 3 99: 54
23 3 99: 22
29 3 99: 28
31 3 99: 90
37 3 99: 108
3 3 100: 2
5 3 100: 4
7 3 100: 6
11 3 100: 10
13 3 100: 12
17 3 100: 16
19 3 100: 18
23 3 100: 22
29 3 100: 28
31 3 100: 30
37 3 100: 36
